https://www.intralot.com.pe/p/juega-tinka.html
09/10/2019	0643	26 02 07 41 19 03 	34 	35 	Promoción Sí o Sí
06/10/2019	0642	01 12 17 20 27 03 	32 	29 	Promoción Sí o Sí 
02/10/2019	0641	28 13 04 09 43 44 	29 	27 40 	Promoción Sí o Sí
29/09/2019	0640	26 14 13 02 43 32 	10 	 	 
25/09/2019	0639	28 30 34 04 16 40 	32 	 	 
22/09/2019	0638	03 09 19 08 17 02 	27 	 	 
18/09/2019	0637	38 36 07 08 11 23 	41 	 	 
15/09/2019	0636	40 29 31 41 08 12 	37 	 	 
11/09/2019	0635	14 31 09 08 27 36 	22
08/09/2019	0634	06 25 09 13 15 10 	04
04/09/2019	0633	45 41 23 24 10 28 	08
01/09/2019	0632	28 43 41 32 44 45 	18
28/08/2019	0631	03 29 26 06 41 44 	07
25/08/2019	0630	37 22 07 13 35 40 	19
21/08/2019	0629	44 28 45 27 36 25 	18
18/08/2019	0628	06 08 17 15 22 03 	20
14/08/2019	0627	01 15 41 08 14 03 	06
11/08/2019	0626	30 12 35 41 04 21 	36
07/08/2019	0625	30 02 26 05 12 27 	32
04/08/2019	0624	34 32 23 11 31 39 	27
31/07/2019	0623	09 24 07 29 45 35 	13
28/07/2019	0622	24 32 15 18 28 23 	37
24/07/2019	0621	27 05 40 38 20 15 	36
21/07/2019	0620	26 41 37 17 28 08 	18
17/07/2019	0619	22 07 33 40 34 09 	32
14/07/2019	0618	16 18 14 08 28 35 	37
10/07/2019	0617	38 20 27 31 22 39 	19
07/07/2019	0616	32 37 14 39 05 25 	28
03/07/2019	0615	21 36 22 09 23 15 	27
30/06/2019	0614	07 19 08 12 26 42 	20
26/06/2019	0613	35 28 22 25 40 34 	15
23/06/2019	0612	01 07 14 25 24 22 	27
19/06/2019	0611	33 13 11 27 30 21 	36
16/06/2019	0610	12 11 28 09 45 15 	04
12/06/2019	0609	06 28 44 27 23 16 	24
09/06/2019	0608	11 26 41 02 23 03 	40
05/06/2019	0607	45 42 32 41 15 40 	05
02/06/2019	0606	19 42 11 31 09 03 	35
29/05/2019	0605	16 13 37 03 27 24 	23
26/05/2019	0604	33 04 01 36 12 27 	16
22/05/2019	0603	18 34 11 10 16 44 	04
19/05/2019	0602	04 02 20 03 13 19 	06
15/05/2019	0601	31 29 30 38 40 01 	32
12/05/2019	0600	44 16 37 20 14 32 	15
08/05/2019	0599	32 10 35 21 45 12 	19
05/05/2019	0598	05 10 25 07 41 08 	21
01/05/2019	0597	38 03 42 10 23 34 	32
28/04/2019	0596	14 19 34 33 20 35 	09
24/04/2019	0595	38 25 08 17 36 43 	34
21/04/2019	0594	36 09 14 07 11 26 	34
17/04/2019	0593	34 21 23 26 18 16 	44
14/04/2019	0592	05 36 29 13 08 24 	22
10/04/2019	0591	31 45 41 13 43 04 	03
07/04/2019	0590	30 20 12 09 17 16 	40
03/04/2019	0589	41 39 01 17 43 06 	08
31/03/2019	0588    17 27 43 01 37 25 	26
27/03/2019	0587	44 23 40 37 01 28 	07
24/03/2019	0586	24 28 17 43 26 36 	23
20/03/2019	0585	13 44 43 12 16 15 	03
17/03/2019	0584	24 07 41 11 04 12 	18
13/03/2019	0583	10 15 26 25 02 08 	05
10/03/2019	0582	24 43 21 25 37 04 	18
06/03/2019	0581	30 23 27 45 08 05 	01
03/03/2019	0580	42 29 17 32 14 41 	01
27/02/2019	0579	41 45 06 32 05 38 	33
24/02/2019	0578	15 45 04 41 22 39 	28
20/02/2019	0577	09 41 10 15 01 19 	03
17/02/2019	0576	40 10 28 25 31 42 	44
13/02/2019	0575	13 05 35 33 40 30 	32
10/02/2019	0574	01 43 12 20 33 19 	42
06/02/2019	0573	26 01 37 09 27 20 	22
03/02/2019	0572	40 37 24 08 16 32 	44
30/01/2019	0571	24 36 33 43 42 37 	29
27/01/2019	0570	35 04 15 32 25 43 	26
23/01/2019	0569	35 02 29 17 03 31 	32
20/01/2019	0568	41 29 42 24 37 09 	19
16/01/2019	0567	39 21 31 17 12 07 	42
13/01/2019	0566	41 16 45 22 33 14 	24
09/01/2019	0565	43 02 10 08 45 15 	23
06/01/2019	0564	26 21 16 33 41 39 	05
02/01/2019	0563	10 39 01 29 16 08 	27
30/12/2018	0562	35 32 18 22 12 38 	10
26/12/2018	0561	17 44 11 14 31 06 	21
23/12/2018	0560	02 35 12 21 45 16 	17
19/12/2018	0559	09 03 23 40 33 05 	08
16/12/2018	0558	13 38 06 15 01 05 	14
12/12/2018	0557	26 15 05 07 22 12 	20
09/12/2018	0556	39 07 34 05 37 24 	32
05/12/2018	0555	03 45 24 14 09 29 	27
02/12/2018	0554	18 23 01 31 03 27 	33
28/11/2018	0553	03 29 30 12 44 18 	06
25/11/2018	0552	29 24 42 11 08 10 	09
21/11/2018	0551	34 11 35 25 04 31 	08
18/11/2018	0550	32 29 21 08 20 04 	03
14/11/2018	0549	37 01 21 02 27 04 	42
11/11/2018	0548	41 01 45 12 27 29 	14
07/11/2018	0547	25 26 32 30 16 14 	29
04/11/2018	0546	17 19 08 41 02 38 	07
31/10/2018	0545	18 40 29 39 02 41 	04
28/10/2018	0544	20 04 24 36 10 33 	19
24/10/2018	0543	12 02 05 39 32 27 	31
21/10/2018	0542	03 20 43 32 04 41 	05
17/10/2018	0541	19 06 26 14 30 44 	34
14/10/2018	0540	39 26 07 37 23 32 	36
10/10/2018	0539	17 06 05 02 38 30 	43
07/10/2018	0538	38 13 06 29 19 35 	17
03/10/2018	0537	39 16 10 34 27 40 	17
30/09/2018	0536	45 36 21 02 26 09 	41
26/09/2018	0535	36 13 28 25 43 05 	27
23/09/2018	0534	01 33 03 44 10 26 	35
19/09/2018	0533	44 08 10 17 20 45 	24
16/09/2018	0532	26 44 30 11 32 19 	43
12/09/2018	0531	25 42 04 03 41 40 	37
09/09/2018	0530	35 23 11 24 28 42 	33
05/09/2018	0529	34 30 33 22 05 16 	41
02/09/2018	0528	16 31 17 09 02 29 	36
29/08/2018	0527	13 28 01 09 34 18 	37
26/08/2018	0526	44 40 04 39 32 15 	22
22/08/2018	0525	17 09 44 15 04 32 	37
19/08/2018	0524	27 43 26 32 35 13 	24
15/08/2018	0523	11 07 06 39 44 16 	09
12/08/2018	0522	34 06 25 20 21 22 	45
08/08/2018	0521	03 24 42 31 44 33 	39
05/08/2018	0520	38 06 10 27 20 12 	18
01/08/2018	0519	42 01 15 44 19 29 	28
29/07/2018	0518	10 27 14 08 26 32 	35
25/07/2018	0517	24 31 38 11 28 14 	21
22/07/2018	0516	33 28 23 39 22 13 	19
18/07/2018	0515	15 13 34 25 05 10 	28
15/07/2018	0514	07 04 24 36 42 08 	30
11/07/2018	0513	13 22 30 26 05 37 	02
08/07/2018	0512	40 15 23 25 24 14 	20
04/07/2018	0511	34 40 32 31 14 38 	20
01/07/2018	0510	15 09 35 38 44 36 	01
27/06/2018	0509	27 24 17 45 38 25 	32
24/06/2018	0508	27 45 17 38 33 05 	18
20/06/2018	0507	37 26 02 11 44 43 	41
17/06/2018	0506	26 03 23 08 44 41 	17
13/06/2018	0505	34 35 07 13 30 01 	22
10/06/2018	0504	26 34 36 28 32 08 	02
06/06/2018	0503	14 16 35 31 36 38 	11
03/06/2018	0502	30 24 35 02 08 42 	29
30/05/2018	0501	22 26 14 09 20 13 	38
27/05/2018	0500	12 28 05 10 14 01 	42
23/05/2018	0499	06 41 07 35 01 03 	12
20/05/2018	0498	18 45 25 26 28 16 	17
16/05/2018	0497	19 41 37 35 34 02 	13
13/05/2018	0496	29 24 21 44 01 19 	25
09/05/2018	0495	11 30 35 31 14 45 	23
06/05/2018	0494	11 09 23 05 15 31 	17
02/05/2018	0493	43 19 01 23 05 28 	35
29/04/2018	0492	41 32 20 19 28 34 	07
25/04/2018	0491	25 02 36 04 18 23 	43
22/04/2018	0490	15 41 45 36 32 26 	11
18/04/2018	0489	13 32 23 09 14 12 	36
15/04/2018	0488	18 43 03 24 08 13 	20
11/04/2018	0487	23 12 21 03 27 36 	17
08/04/2018	0486	09 01 23 17 22 20 	33
04/04/2018	0485	11 01 18 19 14 02 	33
01/04/2018	0484	30 16 39 44 32 03 	11
28/03/2018	0483	36 40 25 41 05 44 	01
25/03/2018	0482	02 20 06 08 41 43 	32
21/03/2018	0481	21 02 19 20 17 33 	05
18/03/2018	0480	32 05 28 11 38 26 	14
14/03/2018	0479	14 08 03 41 27 35 	07
11/03/2018	0478	35 22 36 13 21 17 	16
07/03/2018	0477	38 12 33 13 32 30 	25
04/03/2018	0476	31 26 45 36 44 05 	43
28/02/2018	0475	18 03 22 30 02 36 	23
25/02/2018	0474	42 28 06 11 27 26 	08
21/02/2018	0473	08 13 07 44 25 23 	09
18/02/2018	0472	11 21 45 04 18 27 	43
14/02/2018	0471	39 44 26 38 22 43 	27
11/02/2018	0470	38 05 10 37 25 04 	44
07/02/2018	0469	36 01 04 25 06 02 	12
04/02/2018	0468	16 42 26 28 41 17 	20
31/01/2018	0467	35 06 17 43 34 04 	32
28/01/2018	0466	41 25 18 16 19 10 	26
24/01/2018	0465	37 36 24 20 13 17 	05
21/01/2018	0464	45 03 44 24 12 02 	17
17/01/2018	0463	01 34 35 07 11 04 	33
14/01/2018	0462	42 23 29 08 01 06 	32
10/01/2018	0461	09 05 26 22 42 43 	33
07/01/2018	0460	14 22 23 33 12 15 	25
03/01/2018	0459	14 30 12 37 38 20 	23
31/12/2017	0458	10 03 31 39 01 17 	22
27/12/2017	0457	33 42 34 16 44 01 	19
24/12/2017	0456	45 43 27 11 41 25 	01 	37 17 13 	Promoción Sí o Sí
20/12/2017	0455	15 31 30 10 32 25 	22 	27 44 13 05 	Promoción Sí o Sí
17/12/2017	0454	42 09 30 24 01 37 	23
13/12/2017	0453	27 41 14 26 12 06 	19
10/12/2017	0452	43 11 12 33 01 35 	38
06/12/2017	0451	02 43 21 05 30 27 	38
03/12/2017	0450	45 14 35 42 08 09 	22
29/11/2017	0449	43 08 07 37 03 27 	20
26/11/2017	0448	14 01 27 11 23 37 	03
22/11/2017	0447	41 25 06 03 08 24 	20
19/11/2017	0446	42 03 20 11 36 15 	12
15/11/2017	0445	21 45 44 38 34 36 	19
12/11/2017	0444	28 23 05 21 04 01 	17
08/11/2017	0443	36 38 05 45 35 29 	34
05/11/2017	0442	34 13 19 22 44 05 	16
01/11/2017	0441	16 01 21 11 15 25 	13
29/10/2017	0440	17 13 38 31 03 22 	45
25/10/2017	0439	03 37 38 18 36 32 	13
22/10/2017	0438	42 18 24 45 17 32 	25
18/10/2017	0437	34 19 05 18 23 02 	35
15/10/2017	0436	23 39 45 31 21 33 	08
11/10/2017	0435	19 44 25 13 40 30 	42
08/10/2017	0434	26 05 24 35 09 06 	32
04/10/2017	0433	33 20 26 19 16 04 	43
01/10/2017	0432	30 17 33 35 19 14 	26
27/09/2017	0431	35 24 45 29 22 31 	41
24/09/2017	0430	21 02 26 09 36 42 	29
20/09/2017	0429	35 15 08 42 45 03 	11
17/09/2017	0428	18 16 45 27 22 05 	35
13/09/2017	0427	35 19 08 18 16 25 	37
10/09/2017	0426	22 13 34 42 02 10 	05
06/09/2017	0425	37 09 17 36 13 21 	41
03/09/2017	0424	31 09 43 01 03 44 	06
30/08/2017	0423	41 08 32 26 12 36 	40
27/08/2017	0422	39 08 21 03 11 22 	33
23/08/2017	0421	41 10 08 36 25 13 	26
20/08/2017	0420	05 25 20 44 09 30 	11
16/08/2017	0419	43 13 04 40 19 06 	30
13/08/2017	0418	13 08 18 15 10 43 	01
09/08/2017	0417	24 36 18 31 02 01 	05
06/08/2017	0416	29 26 44 28 13 11 	38
02/08/2017	0415	15 11 22 44 14 20 	32
30/07/2017	0414	30 41 23 03 26 28 	15
26/07/2017	0413	02 18 25 15 30 32 	10
23/07/2017	0412	27 31 05 09 38 13 	41 	39 02 37 	Promoción Sí o Sí
19/07/2017	0411	40 15 36 35 06 38 	24 	30 23 27 	Promoción Sí o Sí
16/07/2017	0410	22 40 31 32 16 34 	01
12/07/2017	0409	12 36 35 08 17 02 	32
09/07/2017	0408	30 08 23 16 35 38 	41
05/07/2017	0407	38 12 37 24 21 34 	30
02/07/2017	0406	08 16 37 07 22 20 	39
28/06/2017	0405	22 15 09 10 38 30 	03
25/06/2017	0404	04 25 03 31 43 01 	26
21/06/2017	0403	23 10 45 17 35 22 	32
18/06/2017	0402	18 25 36 22 01 06 	12
14/06/2017	0401	39 13 03 05 02 35 	42
11/06/2017	0400	41 03 28 01 13 09 	37
07/06/2017	0399	29 27 05 24 38 34 	13
04/06/2017	0398	44 03 01 31 36 04 	12
31/05/2017	0397	13 19 05 44 43 24 	16
28/05/2017	0396	41 35 16 31 37 29 	04 	38 28 	Promoción Sí o Sí
24/05/2017	0395	18 36 43 42 02 28 	05 	25 40 23 07 	Promoción Sí o Sí
21/05/2017	0394	29 34 43 22 15 02 	40 	36 	Promoción Sí o Sí
17/05/2017	0393	34 23 22 16 11 31 	37 	29 	Promoción Sí o Sí
14/05/2017	0392	17 22 14 05 15 33 	40
10/05/2017	0391	22 05 10 24 27 41 	21
07/05/2017	0390	03 21 04 33 43 45 	35
03/05/2017	0389	05 10 24 36 39 43 	38
30/04/2017	0388	04 10 15 28 44 45 	23
26/04/2017	0387	02 05 09 17 24 26 	39
23/04/2017	0386	01 09 13 34 36 39 	40
19/04/2017	0385	12 13 19 23 24 42 	27
16/04/2017	0384	11 15 20 31 36 45 	38
12/04/2017	0383	05 10 25 32 33 41 	40
09/04/2017	0382	11 13 15 20 37 43 	29
05/04/2017	0381	04 16 19 22 23 30 	32
02/04/2017	0380	03 07 18 28 34 44 	06
29/03/2017	0379	02 17 28 31 34 41 	33
26/03/2017	0378	08 12 18 23 32 33 	44
22/03/2017	0377	08 11 13 18 20 30 	05
19/03/2017	0376	05 08 17 19 26 34 	22
15/03/2017	0375	13 22 23 27 32 42 	17
12/03/2017	0374	01 03 14 29 32 35 	21
08/03/2017	0373	02 18 20 26 29 33 	07
05/03/2017	0372	01 14 19 37 43 44 	41
01/03/2017	0371	01 02 14 19 32 39 	37
26/02/2017	0370	03 23 26 33 41 45 	38
22/02/2017	0369	11 23 30 37 38 42 	31
19/02/2017	0368	25 29 30 36 40 44 	16
15/02/2017	0367	11 17 31 33 38 44 	10
12/02/2017	0366	12 16 17 24 25 31 	15
08/02/2017	0365	11 16 23 29 33 44 	28
05/02/2017	0364	24 25 30 36 37 40 	01
01/02/2017	0363	04 23 29 37 39 43 	26
29/01/2017	0362	11 14 27 31 32 43 	45
25/01/2017	0361	09 18 19 26 31 38 	29
22/01/2017	0360	01 04 10 11 25 32 	37
18/01/2017	0359	12 16 32 33 39 44 	42
15/01/2017	0358	01 05 10 23 27 36 	44
11/01/2017	0357	08 09 20 24 40 41 	11
08/01/2017	0356	03 19 35 39 43 44 	07
04/01/2017	0355	11 13 22 26 42 45 	08
01/01/2017	0354	04 07 12 20 35 38 	11
28/12/2016	0353	10 24 29 38 39 45 	14
25/12/2016	0352	03 29 31 36 37 38 	44
21/12/2016	0351	03 10 32 42 43 44 	41
18/12/2016	0350	01 04 10 11 19 45 	09 	06 	Promoción Sí o Sí
14/12/2016	0349	07 08 12 16 17 20 	13 	05 36 42 43 	Promoción Sí o Sí
11/12/2016	0348	02 06 15 27 40 43 	09
07/12/2016	0347	08 10 22 28 31 36 	35
04/12/2016	0346	01 06 15 25 26 28 	08
30/11/2016	0345	01 20 25 27 38 44 	18
27/11/2016	0344	05 24 26 27 34 43 	41
23/11/2016	0343	04 08 12 17 25 43 	30
20/11/2016	0342	05 27 29 34 35 41 	16
16/11/2016	0341	06 10 13 34 35 39 	08
13/11/2016	0340	14 22 23 27 28 40 	41
09/11/2016	0339	14 18 19 20 36 45 	04
06/11/2016	0338	11 14 28 38 39 40 	03
02/11/2016	0337	07 09 26 34 35 45 	03
30/10/2016	0336	14 18 26 27 30 32 	41
26/10/2016	0335	03 07 08 28 30 39 	01
23/10/2016	0334	08 11 19 24 33 38 	17
19/10/2016	0333	14 17 23 30 32 43 	36
16/10/2016	0332	01 16 24 34 39 45 	25
12/10/2016	0331	01 29 30 31 40 42 	20
09/10/2016	0330	02 04 07 14 23 42 	39
05/10/2016	0329	02 11 21 23 25 33 	27
02/10/2016	0328	02 05 31 34 35 43 	08
28/09/2016	0327	07 08 23 27 32 43 	18
25/09/2016	0326	06 21 25 39 44 45 	02
21/09/2016	0325	11 17 20 35 36 37 	25
18/09/2016	0324	05 06 11 13 21 42 	40
14/09/2016	0323	02 14 16 26 42 43 	10
11/09/2016	0322	12 17 21 25 41 43 	35
07/09/2016	0321	03 05 06 16 28 42 	45
04/09/2016	0320	03 05 13 15 23 32 	12
31/08/2016	0319	10 16 18 19 28 35 	08
28/08/2016	0318	03 05 06 15 16 27 	20
24/08/2016	0317	14 16 25 27 29 41 	33
21/08/2016	0316	26 29 31 32 39 41 	02
17/08/2016	0315	17 25 29 42 44 45 	27
14/08/2016	0314	08 22 24 29 31 32 	26
10/08/2016	0313	01 15 17 32 37 40 	22
07/08/2016	0312	02 06 34 37 41 42 	36
03/08/2016	0311	01 08 14 36 37 41 	06
31/07/2016	0310	17 18 21 34 35 42 	22
27/07/2016	0309	09 24 27 30 31 35 	32
24/07/2016	0308	01 04 10 13 23 42 	39 	03 44 	Promoción Sí o Sí
20/07/2016	0307	10 13 15 36 37 43 	12 	04 18 21 22 	Promoción Sí o Sí
17/07/2016	0306	18 19 25 30 37 44 	14
13/07/2016	0305	03 10 12 25 30 41 	33
10/07/2016	0304	02 07 15 41 43 45 	40
06/07/2016	0303	09 18 21 26 27 40 	24
03/07/2016	0302	10 15 31 32 41 44 	05
29/06/2016	0301	05 26 31 41 44 45 	07
26/06/2016	0300	02 15 24 31 33 40 	22
22/06/2016	0299	04 06 14 21 43 45 	01
19/06/2016	0298	01 04 12 19 31 45 	37
15/06/2016	0297	06 20 32 35 43 45 	14
12/06/2016	0296	01 08 11 12 15 36 	22
08/06/2016	0295	05 15 22 30 33 45 	44
05/06/2016	0294	15 18 20 29 30 45 	34
01/06/2016	0293	04 06 18 20 34 44 	39
29/05/2016	0292	02 17 19 27 37 42 	43
25/05/2016	0291	05 08 11 12 33 44 	45
22/05/2016	0290	05 08 15 19 34 42 	31
18/05/2016	0289	10 12 16 28 39 41 	08
15/05/2016	0288 	02 04 19 20 27 44 	24
11/05/2016	0287	04 06 17 18 27 41 	31
08/05/2016	0286	08 16 22 35 38 45 	21
04/05/2016	0285	05 12 15 21 34 35 	23
01/05/2016	0284	07 09 26 32 40 43 	22
27/04/2016	0283	15 20 22 30 35 36 	19
24/04/2016	0282	02 04 08 25 29 35 	31
20/04/2016	0281	01 22 29 38 39 43 	32
17/04/2016	0280	01 05 06 24 26 33 	02
13/04/2016	0279	04 09 13 36 39 45 	10
10/04/2016	0278	04 11 13 20 22 42 	37
06/04/2016	0277	04 13 26 28 35 38 	15
03/04/2016	0276	04 10 14 25 30 40 	37
30/03/2016	0275	01 07 08 09 26 34 	37
27/03/2016	0274	15 27 28 31 32 38 	40
23/03/2016	0273	03 12 16 23 32 42 	08
20/03/2016	0272	04 08 09 13 32 45 	36
16/03/2016	0271	13 20 23 27 42 43 	10
13/03/2016	0270	01 05 07 36 37 45 	34
09/03/2016	0269	01 14 15 27 34 35 	23
06/03/2016	0268	13 22 24 26 32 34 	40
02/03/2016	0267	02 06 09 14 34 42 	12
28/02/2016	0266	02 15 19 22 42 45 	33
24/02/2016	0265	02 03 05 07 10 19 	23
21/02/2016	0264	07 14 15 25 28 35 	42
17/02/2016	0263	15 16 17 27 30 45 	02
14/02/2016	0262	03 04 15 16 41 43 	19
10/02/2016	0261	01 14 17 22 35 39 	08
07/02/2016	0260	13 17 28 38 43 45 	09
03/02/2016	0259	13 14 16 24 25 31 	42
31/01/2016	0258	07 08 20 34 42 45 	21
27/01/2016	0257	02 03 20 21 35 42 	38
24/01/2016	0256	05 19 22 29 34 38 	02
20/01/2016	0255	12 18 21 30 40 45 	10
17/01/2016	0254	01 05 06 12 24 40 	19
13/01/2016	0253	05 07 20 24 34 36 	14
10/01/2016	0252	04 16 17 26 32 36 	21
06/01/2016	0251	03 07 08 34 35 37 	09
03/01/2016	0250	01 06 07 27 30 34 	10
30/12/2015	0249	06 09 15 25 32 38 	37
27/12/2015	0248	01 10 11 28 35 44 	38
23/12/2015	0247	06 20 28 31 34 39 	07
20/12/2015	0246	03 17 20 25 34 45 	10 	09 19 29 	Promoción Sí o Sí
16/12/2015	0245	01 24 29 34 38 43 	19 	06 25 	Promoción Sí o Sí
13/12/2015	0244	02 16 23 40 42 45 	41
09/12/2015	0243	08 13 28 30 34 44 	37
06/12/2015	0242	07 17 21 22 33 44 	39
02/12/2015	0241	15 17 22 31 34 41 	29
29/11/2015	0240	04 12 14 17 20 42 	44
25/11/2015	0239	09 12 13 14 23 40 	11
22/11/2015	0238	12 19 20 27 29 38 	26
18/11/2015	0237	06 08 18 22 32 37 	43
15/11/2015	0236	13 20 30 39 44 45 	09
11/11/2015	0235	10 36 38 39 40 41 	31
08/11/2015	0234	18 20 28 31 37 43 	17
04/11/2015	0233	04 05 12 22 33 42 	16
01/11/2015	0232	02 08 12 22 33 42 	30
28/10/2015	0231	08 11 15 19 25 45 	17
25/10/2015	0230	10 15 18 19 32 34 	37
21/10/2015	0229	15 24 30 34 35 37 	06
18/10/2015	0228	09 21 30 31 35 41 	44
14/10/2015	0227	02 06 14 27 29 42 	33
11/10/2015	0226	05 14 19 21 38 39 	22
07/10/2015	0225	10 11 18 20 24 45 	15
04/10/2015	0224	01 05 23 24 36 40 	14
30/09/2015	0223	12 21 27 32 44 45 	25
27/09/2015	0222	08 09 17 40 44 45 	20
23/09/2015	0221	01 23 24 27 29 33 	08
20/09/2015	0220	06 07 14 23 27 28 	31
16/09/2015	0219	08 09 11 12 14 43 	26
13/09/2015	0218	01 02 03 04 30 43 	38
09/09/2015	0217	02 20 31 38 41 42 	39
06/09/2015	0216	10 27 30 34 37 42 	35
02/09/2015	0215	05 11 14 24 25 26 	43
30/08/2015	0214	17 20 25 31 35 39 	13
26/08/2015	0213	10 11 22 25 27 41 	43
23/08/2015	0212	02 03 07 18 23 35 	17
19/08/2015	0211	10 23 26 30 37 40 	02
16/08/2015	0210	08 15 30 32 42 43 	27
12/08/2015	0209	04 11 13 15 28 32 	05
09/08/2015	0208	09 13 18 20 29 31 	27
05/08/2015	0207	01 13 17 18 36 45 	40
02/08/2015	0206	25 31 34 37 41 44 	36
29/07/2015	0205	08 12 30 35 37 41 	05
26/07/2015	0204	20 22 24 38 39 42 	04
22/07/2015	0203	11 23 24 29 40 42 	04
19/07/2015	0202	13 26 28 29 35 42 	03
15/07/2015	0201	13 14 15 16 24 37 	03
12/07/2015	0200	03 09 33 34 39 40 	01
08/07/2015	0199	10 11 15 22 23 33 	39
05/07/2015	0198	02 10 18 19 31 40 	27
01/07/2015	0197	03 10 28 31 39 44 	11
28/06/2015	0196	16 19 24 34 39 40 	44
24/06/2015	0195	02 05 08 13 20 43 	31
21/06/2015	0194	09 11 12 15 32 33 	22
17/06/2015	0193	01 05 10 14 21 22 	32
14/06/2015	0192	10 20 29 33 43 45 	12
10/06/2015	0191	01 16 34 35 36 45 	12
07/06/2015	0190	01 08 14 17 20 27 	09
03/06/2015	0189	06 15 17 21 23 38 	32
31/05/2015	0188	    02 09 11 19 38 43 	20
27/05/2015	0187	01 20 21 25 33 34 	29
24/05/2015	0186	02 16 33 34 35 40 	30
20/05/2015	0185	07 29 31 33 36 45 	42
17/05/2015	0184	03 20 23 28 37 42 	07
13/05/2015	0183	01 13 14 15 23 38 	22
10/05/2015	0182	02 12 18 20 27 42 	13 	05 17 23 44 	Promoción Sí o Sí
06/05/2015	0181	17 18 26 27 29 41 	34 	07 21 37 	Promoción Sí o Sí
03/05/2015	0180	01 04 19 27 29 30 	42
29/04/2015	0179	13 15 16 22 34 40 	21
26/04/2015	0178	19 24 26 42 43 45 	18
22/04/2015	0177	02 07 11 12 35 40 	22
19/04/2015	0176	04 11 15 28 29 33 	30
15/04/2015	0175	03 06 08 11 24 44 	13
12/04/2015	0174	11 16 35 40 43 44 	34
08/04/2015	0173	10 11 17 24 27 41 	23
05/04/2015	0172	08 10 22 26 34 38 	17
01/04/2015	0171	14 16 22 24 29 32 	33
29/03/2015	0170	06 22 25 30 37 42 	03
25/03/2015	0169	06 09 39 40 42 44 	24
22/03/2015	0168	12 19 23 28 30 39 	01
18/03/2015	0167	02 08 14 20 26 35 	45
15/03/2015	0166	01 18 21 23 35 40 	17
11/03/2015	0165	12 13 18 19 21 34 	28
08/03/2015	0164	01 04 19 34 40 44 	42
04/03/2015	0163	08 10 18 20 29 32 	02
01/03/2015	0162	10 21 25 28 30 33 	02 	08 09 	Promoción Sí o Sí
25/02/2015	0161	03 22 38 41 43 44 	10 	06 21 	Promoción Sí o Sí
22/02/2015	0160	10 13 15 16 30 34 	27
18/02/2015	0159	12 17 27 34 40 41 	15
15/02/2015	0158	12 15 16 26 30 41 	03
11/02/2015	0157	02 12 19 25 28 41 	32
08/02/2015	0156	05 10 11 34 36 39 	09
04/02/2015	0155	10 23 27 34 39 40 	37
01/02/2015	0154	08 13 18 32 34 35 	03
28/01/2015	0153	06 12 14 17 22 34 	33
25/01/2015	0152	05 11 27 32 41 45 	04
21/01/2015	0151	06 18 20 24 31 43 	35
18/01/2015	0150	01 05 07 32 34 45 	09
14/01/2015	0149	04 07 12 26 29 32 	39
11/01/2015	0148	10 21 22 26 33 38 	06
07/01/2015	0147	04 07 12 27 29 32 	03
04/01/2015	0146	05 11 24 36 37 38 	23
31/12/2014	0145	06 14 16 26 28 41 	13
28/12/2014	0144	09 14 16 25 35 40 	24
24/12/2014	0143	03 19 21 25 31 37 	15
21/12/2014	0142	18 21 30 40 42 43 	37 	15 24 29 	Promoción Sí o Sí
17/12/2014	0141	01 16 27 31 40 42 	30 	06 14 21 	Promoción Sí o Sí
14/12/2014	0140	06 12 17 22 26 33 	01
10/12/2014	0139	11 14 17 41 43 44 	08
07/12/2014	0138	05 10 11 24 28 34 	19
03/12/2014	0137	02 21 25 26 30 40 	06
30/11/2014	0136	14 22 30 40 41 43 	11
26/11/2014	0135	03 13 17 26 34 36 	09
23/11/2014	0134	09 14 25 26 37 40 	13
19/11/2014	0133	01 02 13 19 34 36 	09
16/11/2014	0132	11 18 35 37 42 44 	17
12/11/2014	0131	06 09 25 26 30 36 	08
09/11/2014	0130	04 19 26 27 31 35 	36
05/11/2014	0129	02 03 14 16 33 43 	32
02/11/2014	0128	04 05 08 11 23 27 	06
29/10/2014	0127	02 17 24 26 29 31 	39 	13 23 	Promoción Sí o Sí
26/10/2014	0126	16 26 36 38 39 40 	34 	13 27 31 42 	Promoción Sí o Sí
22/10/2014	0125	07 14 22 29 33 39 	37
19/10/2014	0124	04 06 13 14 23 28 	25 	12 15 24 44 	Promoción Sí o Sí
15/10/2014	0123	01 03 11 14 35 43 	38 	10 22 29 	Promoción Sí o Sí
12/10/2014	0122	04 05 22 26 33 42 	15 	10 44 	Promoción Sí o Sí
08/10/2014	0121	04 09 12 14 31 34 	11 	02 29 	Promoción Sí o Sí
05/10/2014	0120	08 19 27 30 36 45 	03 	12 25 	Promoción Sí o Sí
01/10/2014	0119	01 24 29 30 32 45 	22 	02 05 17 38 	Promoción Sí o Sí
28/09/2014	0118	07 12 19 23 29 39 	10
24/09/2014	0117	13 19 23 33 34 35 	39
21/09/2014	0116	03 04 26 27 38 42 	23
17/09/2014	0115	02 05 06 16 34 43 	40
14/09/2014	0114	11 17 18 28 32 40 	13
10/09/2014	0113	08 13 18 36 39 44 	07
07/09/2014	0112	11 23 27 32 36 40 	06
03/09/2014	0111	12 21 29 39 40 43 	20
31/08/2014	0110	11 14 16 19 20 45 	36
27/08/2014	0109	03 07 24 35 38 39 	40
24/08/2014	0108	04 08 20 28 29 35 	05
20/08/2014	0107	04 06 10 19 22 28 	16
17/08/2014	0106	02 17 24 31 41 42 	32
13/08/2014	0105	07 10 11 14 42 44 	32
10/08/2014	0104	06 20 28 30 31 45 	22
06/08/2014	0103	01 09 18 35 36 39 	16
03/08/2014	0102	06 11 15 24 32 39 	43 	01 	Promoción Sí o Sí
30/07/2014	0101	02 03 29 32 39 41 	01 	23 25 	Promoción Sí o Sí
27/07/2014	0100	02 05 17 30 42 43 	25
23/07/2014	0099	10 14 16 21 39 42 	20
20/07/2014	0098	07 09 10 14 15 22 	32
16/07/2014	0097	02 06 15 17 27 37 	40
13/07/2014	0096	04 14 20 30 41 45 	31
09/07/2014	0095	01 03 06 12 22 42 	10
06/07/2014	0094	02 10 13 20 35 38 	36
02/07/2014	0093	15 29 37 39 40 45 	12
29/06/2014	0092	03 05 20 25 32 43 	10
25/06/2014	0091	04 09 20 30 37 41 	31
22/06/2014	0090	11 16 18 27 36 38 	12 	23 25 35 37 	Promoción Sí o Sí
18/06/2014	0089	04 14 15 26 32 37 	08 	02 29 40 	Promoción Sí o Sí
15/06/2014	0088	02 07 08 10 26 35 	29
11/06/2014	0087	09 13 21 23 26 31 	15
08/06/2014	0086	01 14 25 27 29 36 	11
04/06/2014	0085	14 19 28 30 36 38 	04
01/06/2014	0084	04 05 12 17 22 32 	15
28/05/2014	0083	06 09 13 26 28 42 	44
25/05/2014	0082	19 25 31 35 42 44 	38
21/05/2014	0081	09 27 34 38 41 43 	14
18/05/2014	0080	16 22 30 31 33 38 	12
14/05/2014	0079	21 23 29 30 32 39 	17
11/05/2014	0078	05 11 12 18 35 42 	25
07/05/2014	0077	01 15 19 21 33 40 	02
04/05/2014	0076	02 03 27 31 34 35 	24
30/04/2014	0075	06 12 20 24 31 42 	07
27/04/2014	0074	10 11 22 27 37 42 	38
23/04/2014	0073	14 19 25 37 40 45 	20
20/04/2014	0072	04 08 16 17 19 20 	26
16/04/2014	0071	19 21 23 37 40 44 	38
13/04/2014	0070	02 07 29 32 36 39 	44
09/04/2014	0069	16 17 18 35 40 42 	15
06/04/2014	0068	06 09 21 23 37 42 	35
02/04/2014	0067	17 22 31 37 38 41 	04
30/03/2014	0066	01 04 21 23 31 32 	38
26/03/2014	0065	01 02 08 22 30 32 	10
23/03/2014	0064	01 08 10 11 20 40 	05
19/03/2014	0063	12 18 21 23 34 38 	30
16/03/2014	0062	24 26 28 33 35 43 	15
12/03/2014	0061	15 26 31 34 37 39 	11
09/03/2014	0060	03 07 16 20 41 44 	08
05/03/2014	0059	06 10 27 30 33 37 	43
02/03/2014	0058	06 21 23 26 40 41 	29
26/02/2014	0057	20 22 36 38 40 45 	31
23/02/2014	0056	12 19 21 24 30 33 	15
19/02/2014	0055	05 21 26 31 37 40 	20
16/02/2014	0054	07 10 13 15 18 30 	28 	08 14 	Promoción Sí o Sí
12/02/2014	0053	02 11 12 13 25 42 	29 	32 35 	Promoción Sí o Sí
09/02/2014	0052	04 06 10 14 17 32 	07
05/02/2014	0051	03 04 08 24 26 33 	02
02/02/2014	0050	09 14 20 22 30 35 	17
29/01/2014	0049	06 08 31 34 36 44 	25
26/01/2014	0048	03 15 20 26 39 45 	41 	23 33 	Promoción Sí o Sí
22/01/2014	0047	04 10 21 22 26 36 	19 	05 33 35 43 	Promoción Sí o Sí
19/01/2014	0046	01 17 21 39 42 44 	19
15/01/2014	0045	13 15 16 20 23 37 	44
12/01/2014	0044	02 16 32 33 34 37 	07
08/01/2014	0043	07 21 26 28 31 44 	42
05/01/2014	0042	03 07 08 23 27 42 	17
01/01/2014	0041	15 19 27 33 35 37 	29
29/12/2013	0040	07 08 22 34 39 40 	20
25/12/2013	0039	04 22 29 30 43 44 	21
22/12/2013	0038	06 09 10 15 21 36 	14
18/12/2013	0037	07 10 18 27 31 44 	40
15/12/2013	0036	03 13 29 36 40 41 	04
11/12/2013	0035	12 27 32 36 41 45 	18
08/12/2013	0034	06 18 24 25 40 45 	34
04/12/2013	0033	01 04 17 19 28 38 	24
01/12/2013	0032	05 06 07 23 32 44 	09
27/11/2013	0031	02 05 11 25 36 37 	15
24/11/2013	0030	04 10 18 24 34 39 	19
20/11/2013	0029	01 05 06 12 27 31 	40
17/11/2013	0028	02 08 11 31 34 43 	16
13/11/2013	0027	04 09 13 17 21 30 	34
10/11/2013	0026	17 18 21 23 30 34 	38
06/11/2013	0025	02 25 26 33 37 38 	13
03/11/2013	0024	08 10 19 30 31 41 	42
30/10/2013	0023	03 16 31 39 40 41 	05
27/10/2013	0022	04 08 15 24 29 31 	02
23/10/2013	0021	26 28 33 39 43 44 	03
20/10/2013	0020	14 15 18 31 41 43 	27
16/10/2013	0019	01 16 32 34 40 45 	44
13/10/2013	0018	01 20 21 22 32 35 	29
09/10/2013	0017	12 23 24 28 37 42 	04
04/01/2012	1299	01 02 06 22 27 38 	29
01/01/2012	1298	    02 06 13 15 39 40 	23
28/12/2011	1297	13 21 26 35 37 45 	28
25/12/2011	1296	03 13 17 20 22 37 	10
21/12/2011	1295	02 05 10 15 36 43 	38
18/12/2011	1294	06 10 33 34 35 37 	15 	21 32 	Promoción Sí o Sí
14/12/2011	1293	07 19 29 33 36 41 	26
11/12/2011	1292	03 16 18 25 32 45 	11
07/12/2011	1291	01 02 10 11 18 26 	25
04/12/2011	1290	05 10 19 24 26 27 	30
30/11/2011	1289	    04 11 13 15 16 38 	21
27/11/2011	1288	    01 11 31 32 35 44 	39
23/11/2011	1287	    04 07 12 30 39 44 	24
20/11/2011	1286	    07 19 21 22 28 35 	11
16/11/2011	1285	    12 15 17 29 31 38 	14
13/11/2011	1284	    10 11 13 18 35 39 	29
09/11/2011	1283	    08 15 18 33 39 43 	41
06/11/2011	1282	    01 04 05 15 32 42 	36 	14 22 25 31 	Promoción Sí o Sí
02/11/2011	1281	    01 03 14 17 26 28 	08 	25 36 38 40 	Promoción Sí o Sí
30/10/2011	1280	08 11 20 40 41 43 	44 	17 23 32 39 	Promoción Sí o Sí
26/10/2011	1279	05 12 17 22 27 41 	43 	14 18 33 45 	Promoción Sí o Sí
23/10/2011	1278	    11 23 33 36 38 44 	25 	07 27 29 43 	Promoción Sí o Sí
19/10/2011	1277	07 12 17 29 36 39 	22 	11 23 25 37 	Promoción Sí o Sí
16/10/2011	1276	07 09 12 26 41 42 	21 	04 06 18 20 	Promoción Sí o Sí
12/10/2011	1275	03 14 21 23 25 45 	09 	07 19 40 44 	Promoción Sí o Sí
09/10/2011	1274	02 03 13 21 25 35 	18 	04 10 31 37 	Promoción Sí o Sí
05/10/2011	1273	08 10 11 23 37 40 	44
02/10/2011	1272	14 16 19 25 26 45 	32
28/09/2011	1271	06 14 17 25 37 41 	28
25/09/2011	1270	24 30 32 36 39 40 	15
21/09/2011	1269	02 06 10 12 24 36 	34
18/09/2011	1268	    02 15 18 28 34 36 	40
14/09/2011	1267	01 08 19 20 22 31 	10
11/09/2011	1266	01 02 05 21 25 37 	18
07/09/2011	1265	04 12 25 33 38 45 	02
04/09/2011	1264	03 09 13 21 38 42 	18
31/08/2011	1263	02 11 19 36 42 45 	29
28/08/2011	1262	02 19 20 28 31 35 	24
24/08/2011	1261	13 20 28 37 43 44 	39
21/08/2011	1260	04 21 28 30 33 39 	37
17/08/2011	1259	01 19 25 30 31 45 	36
14/08/2011	1258    	03 04 05 06 22 34 	08
10/08/2011	1257	02 03 07 25 35 36 	15
07/08/2011	1256	07 19 24 28 29 34 	14
03/08/2011	1255	05 11 12 13 20 24 	23
31/07/2011	1254	01 07 12 18 20 43 	06
27/07/2011	1253	05 12 15 16 36 37 	43 	02 13 22 	Promoción Sí o Sí
24/07/2011	1252	05 23 25 34 42 45 	33 	01 28 	Promoción Sí o Sí
20/07/2011	1251	04 08 12 13 18 39 	36
17/07/2011	1250	08 10 15 16 21 25 	14
13/07/2011	1249	11 12 28 32 37 44 	21
10/07/2011	1248	    05 09 16 18 35 38 	29
06/07/2011	1247	18 28 33 36 37 38 	41
03/07/2011	1246	04 11 13 23 25 32 	40
29/06/2011	1245	03 10 17 22 25 33 	13
26/06/2011	1244	03 05 10 16 27 28 	30
22/06/2011	1243	05 10 22 23 26 39 	08
19/06/2011	1242	19 22 30 41 42 45 	18
15/06/2011	1241	01 16 24 28 41 45 	30
12/06/2011	1240	03 04 05 13 27 37 	29 	21 41 	Promoción Sí o Sí
08/06/2011	1239	08 09 19 22 38 43 	27 	05 14 20 	Promoción Sí o Sí
05/06/2011	1238	    05 15 24 27 37 42 	26
01/06/2011	1237	02 21 22 34 39 40 	31
29/05/2011	1236	12 13 17 25 36 42 	39
25/05/2011	1235	02 05 10 23 27 40 	07
22/05/2011	1234	11 19 22 28 29 33 	23
18/05/2011	1233	05 07 09 23 39 40 	34
15/05/2011	1232	07 24 28 32 41 42 	03
11/05/2011	1231	06 20 23 25 37 43 	24
08/05/2011	1230	13 18 33 34 44 45 	39 	02 26 	Promoción Sí o Sí
04/05/2011	1229	10 12 19 22 39 42 	30
01/05/2011	1228	    02 12 14 15 20 21 	34
27/04/2011	1227	14 22 27 33 34 45 	40
24/04/2011	1226	06 07 21 26 35 42 	19
20/04/2011	1225	10 13 21 22 34 45 	20
17/04/2011	1224	06 18 19 33 35 40 	21
13/04/2011	1223	03 05 22 27 34 40 	42
10/04/2011	1222	03 09 14 38 40 41 	05
06/04/2011	1221	10 15 31 32 36 43 	05
03/04/2011	1220	14 29 30 32 40 41 	16
30/03/2011	1219	03 13 25 33 40 45 	34
27/03/2011	1218	    10 19 22 23 32 43 	30
23/03/2011	1217	05 08 25 36 37 41 	10
20/03/2011	1216	03 10 11 20 27 32 	07
16/03/2011	1215	16 17 19 25 26 34 	39
13/03/2011	1214	18 33 36 38 39 42 	31
09/03/2011	1213	04 05 06 11 12 30 	03
06/03/2011	1212	16 20 25 27 28 31 	07
02/03/2011	1211	15 18 20 29 32 41 	10
27/02/2011	1210	19 21 26 31 33 41 	44
23/02/2011	1209	04 18 23 25 40 41 	10
20/02/2011	1208	01 03 06 24 25 39 	08
16/02/2011	1207	04 16 20 22 32 45 	18
13/02/2011	1206	02 05 28 33 38 43 	21 	34 36 41 	Promoción Sí o Sí
09/02/2011	1205	03 14 15 20 37 45 	07
06/02/2011	1204	06 11 12 14 27 28 	22
02/02/2011	1203	05 20 25 28 35 39 	16
30/01/2011	1202	07 08 13 14 25 45 	40
26/01/2011	1201	02 04 16 28 29 34 	38
23/01/2011	1200	10 12 19 22 28 45 	37
19/01/2011	1199	09 16 23 31 33 36 	38
16/01/2011	1198	    03 13 15 31 36 41 	16 	10 20 	Promoción Sí o Sí
12/01/2011	1197	03 09 28 35 40 42 	32
09/01/2011	1196	02 05 14 15 38 42 	35
05/01/2011	1195	08 12 13 32 37 38 	23
02/01/2011	1194	02 03 06 13 15 29 	33
29/12/2010	1193	11 12 15 21 24 28 	44
26/12/2010	1192	17 18 25 28 30 32 	13
22/12/2010	1191	10 20 32 39 40 44 	22 	43 45 	Promoción Sí o Sí
19/12/2010	1190	01 03 16 27 31 44 	02 	28 35 43 	Promoción Sí o Sí
15/12/2010	1189	    04 07 20 24 25 35 	15
12/12/2010	1188	    04 19 20 23 36 42 	07
08/12/2010	1187	    01 03 08 17 32 43 	39
05/12/2010	1186	    03 08 12 14 33 37 	43
01/12/2010	1185	    13 15 16 17 27 39 	45
28/11/2010	1184    	01 09 13 23 27 43 	26 	06 11 24 	Promoción Sí o Sí
24/11/2010	1183	02 05 09 35 38 41 	10
21/11/2010	1182	04 05 08 12 21 34 	26
17/11/2010	1181	05 07 26 35 40 44 	38
14/11/2010	1180	09 13 14 32 35 37 	23
10/11/2010	1179	02 05 08 14 25 37 	29
07/11/2010	1178	05 11 17 22 36 37 	39
03/11/2010	1177	01 09 24 32 37 41 	14
31/10/2010	1176	03 09 25 27 39 43 	24
27/10/2010	1175	08 22 23 30 44 45 	43
24/10/2010	1174	04 13 17 19 24 31 	29 	07 25 35 	Promoción Sí o Sí
20/10/2010	1173	12 25 26 34 42 44 	11
17/10/2010	1172	03 04 20 31 38 40 	07 	08 15 19 	Promoción Sí o Sí
13/10/2010	1171	13 18 19 23 26 27 	17
10/10/2010	1170	03 12 17 22 24 45 	33
06/10/2010	1169	11 18 19 31 38 44 	20
03/10/2010	1168	02 09 19 29 33 42 	22
29/09/2010	1167	11 20 22 24 30 31 	28 	07 14 17 38 	Promoción Sí o Sí
26/09/2010	1166	05 22 27 28 39 41 	12 	08 35 	Promoción Sí o Sí
22/09/2010	1165	07 08 11 26 27 44 	13 	04 09 33 	Promoción Sí o Sí
19/09/2010	1164	06 08 18 22 28 30 	16 	24 33 	Promoción Sí o Sí
15/09/2010	1163	02 06 10 12 14 39 	42
12/09/2010	1162	01 10 31 34 44 45 	23
08/09/2010	1161	02 12 16 24 35 39 	32
05/09/2010	1160	07 10 16 18 20 33 	30
01/09/2010	1159	02 07 10 18 19 44 	21
29/08/2010	1158	03 13 25 38 40 41 	32
25/08/2010	1157	01 22 26 28 29 36 	09
22/08/2010	1156	02 18 26 37 40 44 	05
18/08/2010	1155	12 24 25 28 31 37 	15
15/08/2010	1154	01 02 08 35 38 44 	12
11/08/2010	1153	01 09 10 14 23 25 	16
08/08/2010	1152	11 16 17 18 20 22 	39
04/08/2010	1151	02 09 22 30 36 38 	44
01/08/2010	1150	06 07 09 10 16 39 	37
28/07/2010	1149	11 14 25 31 34 35 	39 	20 	Promoción Sí o Sí
25/07/2010	1148	03 11 19 28 37 43 	42 	13 	Promoción Sí o Sí
21/07/2010	1147	18 21 29 40 41 42 	45
18/07/2010	1146	07 20 21 26 42 44 	02
14/07/2010	1145	03 05 21 24 31 42 	19
11/07/2010	1144	06 07 23 28 32 36 	40
07/07/2010	1143	09 12 22 29 36 38 	01
04/07/2010	1142	03 31 34 38 43 44 	12
30/06/2010	1141	05 06 25 31 33 37 	40
27/06/2010	1140	05 08 09 10 13 35 	25
23/06/2010	1139	11 12 19 20 30 33 	27
20/06/2010	1138	05 14 15 30 44 45 	01
16/06/2010	1137	07 15 20 33 42 44 	43
13/06/2010	1136	05 23 26 29 37 40 	07
09/06/2010	1135	06 25 30 32 36 40 	01
06/06/2010	1134	05 16 20 21 27 45 	07
02/06/2010	1133	01 10 16 18 23 26 	32
30/05/2010	1132	03 04 28 30 33 36 	37
26/05/2010	1131	06 07 09 13 28 41 	30
23/05/2010	1130	02 24 27 35 37 45 	05
19/05/2010	1129	04 12 14 18 19 34 	38
16/05/2010	1128	04 07 34 35 40 42 	21
12/05/2010	1127	12 13 27 29 31 39 	06
09/05/2010	1126	02 04 10 28 31 33 	42 	09 	Promoción Sí o Sí
05/05/2010	1125	02 03 13 21 25 39 	16
02/05/2010	1124	04 09 17 20 27 31 	18
28/04/2010	1123	01 09 10 13 17 28 	43
25/04/2010	1122	07 11 18 22 24 32 	17
21/04/2010	1121	07 08 22 28 37 41 	15
18/04/2010	1120	05 11 14 18 22 39 	37
14/04/2010	1119	05 20 26 33 37 45 	17
11/04/2010	1118	14 16 20 24 33 38 	02
07/04/2010	1117	05 13 17 28 42 44 	36
04/04/2010	1116	11 13 15 18 22 45 	43
31/03/2010	1115	06 18 19 25 26 33 	31
28/03/2010	1114	03 04 16 22 23 29 	42
24/03/2010	1113	06 12 22 33 42 43 	02
21/03/2010	1112	19 20 23 26 28 44 	13
17/03/2010	1111	03 09 12 19 20 26 	22
14/03/2010	1110	12 13 29 32 33 40 	24
10/03/2010	1109	03 10 19 21 28 38 	27
07/03/2010	1108	04 10 13 15 19 43 	03
03/03/2010	1107	03 05 12 17 18 37 	40
28/02/2010	1106	14 18 25 26 33 37 	29
24/02/2010	1105	04 05 09 30 31 32 	06
21/02/2010	1104	08 10 15 17 22 39 	03
17/02/2010	1103	10 22 23 26 30 34 	01
14/02/2010	1102	01 02 10 30 33 40 	04 	19 28 39 	Promoción Sí o Sí
10/02/2010	1101	13 17 18 30 35 40 	38
07/02/2010	1100	03 26 34 42 43 44 	20
03/02/2010	1099	07 11 19 22 24 45 	09
31/01/2010	1098	02 09 32 36 42 45 	37
27/01/2010	1097	05 07 09 14 18 26 	25
24/01/2010	1096	02 16 17 26 36 45 	15
20/01/2010	1095	02 08 10 14 33 37 	38
17/01/2010	1094	04 05 09 26 38 45 	24
13/01/2010	1093	21 24 32 34 42 45 	35
10/01/2010	1092	04 19 24 28 35 37 	03
06/01/2010	1091	07 11 12 18 22 33 	32
03/01/2010	1090	05 08 11 26 28 39 	30
30/12/2009	1089	02 05 15 24 36 43 	16
27/12/2009	1088	09 11 13 16 26 45 	08
23/12/2009	1087	14 16 19 24 28 37 	42 	15 38 	Promoción Sí o Sí
20/12/2009	1086	09 10 12 16 28 33 	35 	01 	Promoción Sí o Sí
16/12/2009	1085	13 27 29 31 38 40 	28
13/12/2009	1084	03 14 28 30 31 42 	04
09/12/2009	1083	04 14 20 24 39 40 	21
06/12/2009	1082	05 09 14 36 41 44 	12
02/12/2009	1081	16 19 20 27 30 44 	42
29/11/2009	1080	04 18 20 23 34 38 	31 	16 30 	Promoción Sí o Sí
25/11/2009	1079	18 24 29 36 37 44 	27
22/11/2009	1078	08 09 14 19 28 43 	04 	03 06 16 45 	Promoción Sí o Sí
18/11/2009	1077	03 05 18 20 32 40 	06
15/11/2009	1076	07 20 21 25 27 34 	28 	14 29 45 	Promoción Sí o Sí
11/11/2009	1075	16 18 21 22 39 44 	37
08/11/2009	1074	12 16 18 31 41 44 	10
04/11/2009	1073	02 06 12 16 25 35 	05
01/11/2009	1072	08 12 15 25 36 37 	19
28/10/2009	1071	07 17 28 36 37 41 	06
25/10/2009	1070	04 08 16 17 36 37 	39
21/10/2009	1069	07 13 20 27 33 35 	16
18/10/2009	1068	05 13 14 22 40 43 	19
14/10/2009	1067	05 07 08 09 21 24 	26 	28 31 36 43 	Promoción Sí o Sí
11/10/2009	1066	08 11 26 30 31 42 	15 	05 20 37 	Promoción Sí o Sí
07/10/2009	1065	04 22 25 30 35 43 	45 	03 06 16 31 	Promoción Sí o Sí
04/10/2009	1064	04 08 10 13 22 31 	25
30/09/2009	1063	02 18 23 25 41 43 	17 	01 05 16 34 	Promoción Sí o Sí
27/09/2009	1062	01 05 07 13 22 27 	21
23/09/2009	1061	05 07 12 18 21 39 	43 	04 11 32 	Promoción Sí o Sí
20/09/2009	1060	07 19 24 28 32 43 	34
16/09/2009	1059	03 21 23 35 44 45 	31 	18 30 	Promoción Sí o Sí
13/09/2009	1058	11 14 16 24 27 40 	25
09/09/2009	1057	12 17 20 21 33 35 	14 	07 10 16 	Promoción Sí o Sí
06/09/2009	1056	01 11 14 22 24 35 	03
02/09/2009	1055	07 08 13 17 29 34 	02
30/08/2009	1054	04 14 17 25 36 38 	12 	08 18 44 	Promoción Sí o Sí
26/08/2009	1053	03 06 25 30 41 43 	14 	27 	Promoción Sí o Sí
23/08/2009	1052	07 09 23 25 42 44 	22 	17 41 	Promoción Sí o Sí
19/08/2009	1051	05 14 20 25 32 43 	28
16/08/2009	1050	10 15 25 31 32 43 	11
12/08/2009	1049	02 04 18 36 42 45 	15
09/08/2009	1048	03 11 21 25 28 44 	27
05/08/2009	1047	04 08 09 13 24 26 	10
02/08/2009	1046	12 14 16 33 41 42 	09
29/07/2009	1045	01 16 23 28 34 42 	06 	04 26 30 43 	Promoción Sí o Sí
26/07/2009	1044	23 28 29 36 40 42 	15 	09 12 38 	Promoción Sí o Sí
22/07/2009	1043	07 12 22 33 40 43 	30
19/07/2009	1042	06 19 20 21 24 42 	13
15/07/2009	1041	10 13 27 32 35 38 	45
12/07/2009	1040	03 10 18 29 36 40 	45
08/07/2009	1039	06 10 25 27 39 40 	35
05/07/2009	1038	04 13 21 26 29 38 	14
01/07/2009	1037	10 25 27 29 39 43 	35
28/06/2009	1036	04 05 21 28 31 40 	20
24/06/2009	1035	05 10 20 22 31 37 	28 	09 21 40 	Promoción Sí o Sí
21/06/2009	1034	04 06 24 30 33 43 	11 	18 26 45 	Promoción Sí o Sí
17/06/2009	1033	03 05 21 24 41 44 	42
14/06/2009	1032	05 07 12 23 37 45 	09
10/06/2009	1031	15 16 20 22 23 26 	09
07/06/2009	1030	06 12 25 33 42 45 	14
03/06/2009	1029	02 15 37 40 41 42 	44
31/05/2009	1028	01 10 16 17 26 32 	14
27/05/2009	1027	15 23 28 38 39 45 	34 	02 26 	Promoción Sí o Sí
24/05/2009	1026	01 04 15 16 28 30 	44 	24 	Promoción Sí o Sí
20/05/2009	1025	02 24 28 31 40 41 	20 	09 13 29 39 	Promoción Sí o Sí
17/05/2009	1023	16 22 26 34 38 45 	15
13/05/2009	1022	05 06 13 37 39 44 	31
10/05/2009	1021	02 06 08 13 21 40 	30 	04 38 	Promoción Sí o Sí
06/05/2009	1020	17 25 28 30 31 40 	27
03/05/2009	1019	19 25 26 35 40 44 	07
29/04/2009	1018	03 07 16 24 41 42 	45
26/04/2009	1017	05 09 12 14 15 40 	13
22/04/2009	1016	02 09 14 25 29 30 	28
19/04/2009	1015	03 09 11 16 19 33 	18
15/04/2009	1014	07 28 29 35 40 42 	24
12/04/2009	1013	18 21 22 36 42 43 	44
08/04/2009	1012	04 08 14 19 26 44 	09
05/04/2009	1011	01 12 17 37 39 44 	13
01/04/2009	1010	14 20 21 26 28 44 	10
29/03/2009	1009	01 18 24 30 32 37 	06
25/03/2009	1008	13 18 26 36 39 45 	37
22/03/2009	1007	14 15 18 21 32 45 	09
18/03/2009	1006	19 22 25 28 29 45 	44
15/03/2009	1005	01 07 17 26 33 39 	03
11/03/2009	1004	11 16 29 34 38 43 	42
08/03/2009	1003	06 12 18 32 36 42 	41
04/03/2009	1002	27 28 30 34 35 45 	41
01/03/2009	1001	11 12 24 28 30 31 	23
25/02/2009	1000	02 04 12 20 27 43 	14
22/02/2009	0999	01 11 16 17 21 43 	40
18/02/2009	0998	02 09 18 32 33 34 	44
15/02/2009	0997	09 12 13 15 40 45 	02
11/02/2009	0996	11 13 18 23 38 39 	04
08/02/2009	0995	04 08 22 38 42 43 	09
04/02/2009	0994	03 06 32 38 42 43 	20
01/02/2009	0993	19 22 26 38 39 45 	03
28/01/2009	0992	01 02 11 15 21 24 	26
25/01/2009	0991	03 08 12 20 31 34 	18
21/01/2009	0990	09 11 17 39 43 45 	31
18/01/2009	0989	14 16 17 24 28 44 	25
14/01/2009	0988	02 16 30 38 39 44 	26
11/01/2009	0987	06 09 12 16 17 21 	38
07/01/2009	0986	02 08 18 20 21 35 	30
04/01/2009	0985	01 03 06 12 37 42 	26
31/12/2008	0984	05 15 18 31 34 35 	38
28/12/2008	0983	04 07 10 12 27 28 	40
24/12/2008	0982	03 13 27 32 39 42 	06 	18 30 37 	Promoción Sí o Sí
21/12/2008	0981	01 02 09 23 30 43 	14 	16 19 	Promoción Sí o Sí
17/12/2008	0980	11 22 31 37 40 44 	32 	06 10 17 23 	Promoción Sí o Sí
14/12/2008	0979	04 12 14 23 32 38 	13
10/12/2008	0978	04 06 10 19 23 30 	33
07/12/2008	0977	05 06 10 12 33 38 	41
03/12/2008	0976	13 25 26 28 34 43 	24
30/11/2008	0975	01 13 14 16 39 40 	44 	10 23 31 	Promoción Sí o Sí
26/11/2008	0974	16 18 21 26 36 39 	33 	12 	Promoción Sí o Sí
23/11/2008	0973	01 08 13 24 28 29 	45 	12 	Promoción Sí o Sí
19/11/2008	0972	01 02 11 14 16 45 	36 	06 13 17 39 	Promoción Sí o Sí
16/11/2008	0971	01 08 22 31 38 41 	36 	29 34 37 	Promoción Sí o Sí
12/11/2008	0970	10 11 24 29 38 45 	19 	18 33 	Promoción Sí o Sí
09/11/2008	0969	04 05 16 18 34 44 	03 	01 10 11 12 	Promoción Sí o Sí
05/11/2008	0968	08 12 18 22 40 42 	17 	09 24 33 43 	Promoción Sí o Sí
02/11/2008	0967	01 09 23 30 36 41 	35 	13 17 19 	Promoción Sí o Sí
29/10/2008	0966	02 12 13 19 33 40 	30 	43 	Promoción Sí o Sí
26/10/2008	0965	08 11 19 21 33 36 	43 	03 18 27 44 	Promoción Sí o Sí
22/10/2008	0964	13 15 27 28 32 34 	21 	19 24 41 43 	Promoción Sí o Sí
19/10/2008	0963	01 09 10 14 30 31 	24 	04 16 18 23 	Promoción Sí o Sí
15/10/2008	0962	08 20 25 28 34 44 	31 	03 18 23 45 	Promoción Sí o Sí
12/10/2008	0961	07 10 11 14 21 43 	31
08/10/2008	0960	06 10 16 32 41 45 	36
05/10/2008	0959	06 12 16 29 37 45 	30
01/10/2008	0958	01 04 07 18 23 36 	40
28/09/2008	0957	03 07 15 22 40 43 	28
24/09/2008	0956	20 22 26 37 39 43 	14
21/09/2008	0955	02 19 30 35 37 45 	25
17/09/2008	0954	06 08 14 20 23 26 	29
14/09/2008	0953	21 23 28 33 42 43 	35
10/09/2008	0952	14 20 27 32 42 44 	19
07/09/2008	0951	05 10 16 17 40 43 	35
03/09/2008	0950	12 21 30 38 39 42 	09
31/08/2008	0949	18 23 26 31 35 40 	34 	04 28 32 33 	Promoción Sí o Sí
27/08/2008	0948	02 03 11 15 25 37 	20 	14 30 31 34 	Promoción Sí o Sí
24/08/2008	0947	07 09 21 37 38 44 	01
20/08/2008	0946	02 10 11 21 23 40 	12
17/08/2008	0945	02 10 16 19 30 42 	33
13/08/2008	0944	02 04 05 21 26 31 	44
10/08/2008	0943	13 20 21 23 29 33 	43
06/08/2008	0942	02 11 17 21 30 36 	29
03/08/2008	0941	12 26 29 30 35 41 	36 	04 14 19 33 	Promoción Sí o Sí
30/07/2008	0940	08 09 15 17 22 35 	32 	02 04 07 13 	Promoción Sí o Sí
27/07/2008	0939	01 04 11 22 28 44 	23 	13 37 40 42 	Promoción Sí o Sí
23/07/2008	0938	01 08 13 15 31 43 	45 	19 20 23 44 	Promoción Sí o Sí
20/07/2008	0937	01 19 23 33 44 45 	24
16/07/2008	0936	01 13 26 30 38 40 	25
13/07/2008	0935	01 12 24 32 35 41 	37
09/07/2008	0934	01 08 18 20 37 43 	31
06/07/2008	0933	14 17 25 31 38 42 	27
02/07/2008	0932	04 13 14 15 27 36 	25
29/06/2008	0931	16 21 24 30 38 45 	18
25/06/2008	0930	08 18 24 27 32 40 	28
22/06/2008	0929	15 16 35 37 40 45 	18
18/06/2008	0928	01 02 10 11 38 40 	23
15/06/2008	0927	09 26 28 29 33 44 	16 	14 15 21 23 	Promoción Sí o Sí
11/06/2008	0926	05 10 18 29 34 42 	30 	06 13 16 19 	Promoción Sí o Sí
08/06/2008	0925	09 15 19 28 31 36 	27
04/06/2008	0924	05 09 17 33 35 42 	30
01/06/2008	0923	06 19 21 22 28 34 	03
28/05/2008	0922	14 41 32 39 36 30 	38
25/05/2008	0921	15 10 26 16 44 22 	27
21/05/2008	0920	43 29 06 30 13 17 	26
18/05/2008	0919	22 20 36 39 27 04 	31
14/05/2008	0918	28 17 29 19 23 10 	44
11/05/2008	0917	39 33 40 28 19 05 	18 	42 17 24 12 	Promoción Sí o Sí
07/05/2008	0916	12 19 16 02 30 43 	35 	20 37 01 38 	Promoción Sí o Sí
04/05/2008	0915	11 03 22 27 12 26 	40
30/04/2008	0914	02 09 22 29 17 30 	27
27/04/2008	0913	18 37 12 35 34 07 	41
23/04/2008	0912	38 39 04 22 21 45 	35
20/04/2008	0911	32 34 12 20 15 18 	02
16/04/2008	0910	29 11 26 44 31 30 	21
13/04/2008	0909	02 37 18 22 19 17 	04
09/04/2008	0908	36 40 05 17 06 13 	37
06/04/2008	0907	43 07 02 05 35 39 	14
02/04/2008	0906	28 17 18 45 38 36 	27
30/03/2008	0905	44 33 26 16 06 34 	38
26/03/2008	0904	43 09 15 06 11 30 	04
23/03/2008	0903	23 05 37 34 19 13 	24
19/03/2008	0902	10 34 45 29 17 18 	32
16/03/2008	0901	05 43 33 10 28 06 	15
12/03/2008	0900	37 04 10 21 27 02 	05
09/03/2008	0899	08 14 39 17 13 28 	01
05/03/2008	0898	34 19 20 39 07 11 	26 	43 32 18 27 	Promoción Sí o Sí
02/03/2008	0897	39 22 16 20 33 06 	40 	45 19 41 05 	Promoción Sí o Sí
27/02/2008	0896	24 06 37 25 11 31 	15 	16 39 44 34 	Promoción Sí o Sí
24/02/2008	0895	34 03 29 13 09 33 	02
20/02/2008	0894	14 03 17 15 05 38 	35
17/02/2008	0893	10 16 39 12 20 37 	08
13/02/2008	0892	07 06 39 12 03 18 	35
10/02/2008	0891	30 08 22 17 15 19 	44
06/02/2008	0890	44 36 16 30 25 26 	28
03/02/2008	0889	11 22 23 33 27 01 	02
30/01/2008	0888	24 28 23 10 22 13 	39
27/01/2008	0887	22 19 29 37 36 45 	14
23/01/2008	0886	08 36 03 29 44 14 	22
20/01/2008	0885	33 34 39 37 15 43 	42
16/01/2008	0884	28 16 20 21 43 19 	44
13/01/2008	0883	14 44 39 22 31 03 	38
09/01/2008	0882	24 23 34 40 38 20 	09
06/01/2008	0881	01 39 23 36 43 45 	18
02/01/2008	0880	18 32 05 13 21 34 	30
30/12/2007	0879	07 35 16 36 23 09 	45
26/12/2007	0878	45 08 42 04 25 22 	14
23/12/2007	0877	34 27 36 39 33 25 	45
19/12/2007	0876	25 16 33 43 37 35 	14
16/12/2007	0875	13 34 30 45 39 09 	27 	05 44 41 	Promoción Sí o Sí
12/12/2007	0874	08 10 39 07 30 29 	22
09/12/2007	0873	14 04 44 10 23 41 	20
05/12/2007	0872	19 13 36 24 23 06 	41
02/12/2007	0871	41 12 37 24 28 16 	21
28/11/2007	0870	25 26 09 30 31 32 	27
25/11/2007	0869	18 33 08 32 30 02 	24
21/11/2007	0868	23 19 20 15 13 34 	39
18/11/2007	0867	15 30 03 27 13 42 	17
14/11/2007	0866	13 08 44 22 29 01 	21
11/11/2007	0865	19 13 12 43 24 25 	37
07/11/2007	0864	30 08 40 28 02 22 	09
04/11/2007	0863	27 20 29 02 25 43 	03
31/10/2007	0862	42 28 19 22 21 03 	33
28/10/2007	0861	45 16 18 06 26 13 	32
24/10/2007	0860	39 21 24 29 04 16 	33
21/10/2007	0859	30 44 03 09 04 40 	29
17/10/2007	0858	42 19 25 31 34 45 	40
14/10/2007	0857	30 36 13 34 27 12 	01
10/10/2007	0856	19 17 29 37 09 05 	18
07/10/2007	0855	03 15 10 21 19 06 	25
03/10/2007	0854	40 27 35 20 02 37 	26
30/09/2007	0853	31 16 08 06 10 23 	14
26/09/2007	0852	38 24 42 45 09 15 	11
23/09/2007	0851	01 37 17 03 30 22 	43
19/09/2007	0850	13 21 27 44 39 03 	18
16/09/2007	0849	22 14 21 13 36 06 	34
12/09/2007	0848	45 09 07 20 05 33 	35
09/09/2007	0847	01 07 02 04 40 21 	20
05/09/2007	0846	02 08 41 11 18 22 	31
02/09/2007	0845	10 16 24 08 31 37 	15
29/08/2007	0844	24 45 28 16 43 39 	03
26/08/2007	0843	20 01 23 18 31 33 	05
22/08/2007	0842	15 17 44 43 36 19 	32
19/08/2007	0841	34 01 31 08 25 10 	43
15/08/2007	0840	17 16 02 29 19 33 	38
12/08/2007	0839	19 25 30 16 13 41 	45
08/08/2007	0838	20 11 31 09 38 35 	17
05/08/2007	0837	30 27 03 26 18 44 	07 	33 15 20 	Promoción Sí o Sí
01/08/2007	0836	20 23 41 03 24 33 	42
29/07/2007	0835	02 38 10 22 42 40 	29
25/07/2007	0834	16 35 25 24 13 29 	22
22/07/2007	0833	05 22 39 04 06 43 	37
18/07/2007	0832	42 19 34 21 02 26 	27
15/07/2007	0831	03 39 40 45 10 33 	01
11/07/2007	0830	12 28 35 18 13 21 	43
08/07/2007	0829	15 41 12 13 06 40 	43
04/07/2007	0828	23 20 02 09 19 01 	32
01/07/2007	0827	15 13 28 27 23 35 	11
27/06/2007	0826	21 44 38 33 26 31 	42
24/06/2007	0825	43 28 21 06 20 45 	17
20/06/2007	0824	23 27 36 11 16 17 	31
17/06/2007	0823	36 30 38 01 05 39 	37
13/06/2007	0822	41 35 44 26 20 38 	31
10/06/2007	0821	03 21 14 05 13 27 	35
06/06/2007	0820	13 07 41 33 38 15 	12
03/06/2007	0819	09 17 01 08 37 03 	41
30/05/2007	0818	01 19 06 43 38 03 	34
27/05/2007	0817	42 37 41 11 06 19 	05
23/05/2007	0816	45 31 21 16 05 34 	20
20/05/2007	0815	31 32 26 35 29 16 	41
16/05/2007	0814	01 19 12 22 37 02 	29
13/05/2007	0813	29 39 16 21 08 43 	27
09/05/2007	0812	25 09 06 29 32 37 	17
06/05/2007	0811	20 24 40 07 44 14 	11
02/05/2007	0810	28 11 25 41 23 42 	34
29/04/2007	0809	38 08 29 19 15 42 	18
25/04/2007	0808	07 22 33 34 12 02 	43
22/04/2007	0807	21 15 29 19 20 06 	14
18/04/2007	0806	18 34 38 03 39 11 	17
15/04/2007	0805	38 24 22 08 32 20 	06
11/04/2007	0804	24 45 13 23 42 09 	32
08/04/2007	0803	36 20 04 26 37 35 	32
04/04/2007	0802	31 13 09 10 22 05 	11
01/04/2007	0801	14 11 30 08 32 10 	06
28/03/2007	0800	45 16 13 41 07 24 	28
25/03/2007	0799	11 14 06 28 44 09 	26
21/03/2007	0798	33 02 18 11 05 14 	39
18/03/2007	0797	36 23 19 21 02 28 	16
14/03/2007	0796	24 39 02 36 16 17 	26
11/03/2007	0795	34 04 08 02 22 24 	41
07/03/2007	0794	43 35 45 14 31 32 	03
04/03/2007	0793	21 31 05 04 43 08 	38
28/02/2007	0792	04 41 29 30 26 19 	09
25/02/2007	0791	08 22 31 18 13 14 	24
21/02/2007	0790	23 06 11 14 13 05 	42
18/02/2007	0789	31 42 10 06 35 30 	43
14/02/2007	0788	08 09 07 20 04 28 	40
11/02/2007	0787	41 02 31 36 38 24 	06
07/02/2007	0786	16 01 19 04 24 35 	21
04/02/2007	0785	37 26 25 06 35 28 	12
31/01/2007	0784	13 39 28 10 26 09 	05
28/01/2007	0783	37 10 35 24 12 42 	23
24/01/2007	0782	25 21 37 19 08 02 	14
21/01/2007	0781	38 10 27 25 17 22 	03
17/01/2007	0780	12 26 36 39 35 24 	21
14/01/2007	0779	08 36 39 40 37 21 	25
10/01/2007	0778	38 25 41 34 07 09 	33
07/01/2007	0777	13 31 15 39 12 43 	42
03/01/2007	0776	12 42 27 21 37 19 	14
31/12/2006	0775	05 09 42 31 11 12 	23
27/12/2006	0774	36 27 29 34 24 37 	42
24/12/2006	0773	20 27 33 13 16 41 	19
20/12/2006	0772	39 11 14 03 02 10 	41
17/12/2006	0771	03 31 19 42 07 10 	33
13/12/2006	0770	23 03 08 40 36 16 	13
10/12/2006	0769	25 36 37 42 13 05 	17
06/12/2006	0768	27 32 25 05 07 04 	08
03/12/2006	0767	41 23 32 16 45 22 	34
29/11/2006	0766	37 31 30 43 13 44 	03
26/11/2006	0765	26 20 13 38 04 35 	42
22/11/2006	0764	45 14 19 44 23 28 	24
19/11/2006	0763	25 20 03 22 11 19 	12
15/11/2006	0762	24 43 26 23 25 04 	14
12/11/2006	0761	23 01 03 31 26 13 	36
08/11/2006	0760	15 16 07 30 02 20 	13
05/11/2006	0759	33 35 11 43 24 30 	01
01/11/2006	0758	19 12 24 34 04 28 	11
29/10/2006	0757	18 15 34 22 28 16 	35
25/10/2006	0756	21 03 27 12 15 36 	28
22/10/2006	0755	35 04 03 15 08 05 	21
18/10/2006	0754	35 29 03 04 18 38 	37
15/10/2006	0753	20 42 12 26 24 22 	03
11/10/2006	0752	04 23 45 12 31 07 	35
08/10/2006	0751	30 05 34 41 23 44 	21
04/10/2006	0750	37 39 25 27 41 10 	31
01/10/2006	0749	30 38 16 45 36 39 	24
27/09/2006	0748	14 31 34 39 43 11 	22
24/09/2006	0747	27 11 19 09 24 12 	36
20/09/2006	0746	06 10 12 09 25 03 	20
17/09/2006	0745	22 06 37 35 45 14 	33
13/09/2006	0744	40 09 01 12 13 42 	21
10/09/2006	0743	32 20 09 25 04 28 	06 	42 41 02 24 	Promoción Sí o Sí
06/09/2006	0742	23 33 10 45 44 27 	12
03/09/2006	0741	06 28 11 12 23 08 	09
30/08/2006	0740	11 12 35 45 20 28 	25
27/08/2006	0739	30 42 29 28 08 35 	27
23/08/2006	0738	35 21 19 39 32 16 	01
20/08/2006	0737	19 30 45 17 28 39 	34
16/08/2006	0736	04 06 25 38 21 43 	26
13/08/2006	0735	34 11 32 12 08 43 	22
09/08/2006	0734	30 17 13 22 19 44 	01
06/08/2006	0733	21 23 20 45 34 26 	29
02/08/2006	0732	08 13 15 42 04 01 	30
30/07/2006	0731	06 26 31 23 08 42 	14
26/07/2006	0730	40 05 42 43 08 45 	02
23/07/2006	0729	17 37 12 32 05 31 	10
19/07/2006	0728	27 03 01 24 19 09 	05
16/07/2006	0727	07 16 21 30 34 14 	28
12/07/2006	0726	28 17 05 25 16 10 	33
09/07/2006	0725	34 09 15 19 42 06 	02
05/07/2006	0724	43 26 45 09 11 41 	32
02/07/2006	0723	20 43 17 13 32 19 	22
28/06/2006	0722	23 40 16 18 42 20 	39
25/06/2006	0721	20 26 22 35 33 29 	17
21/06/2006	0720	33 15 18 34 26 06 	21
18/06/2006	0719	04 33 08 10 45 43 	23 	09 07 34 14 	Promoción Sí o Sí
14/06/2006	0718	13 05 37 10 11 23 	43
11/06/2006	0717	10 42 34 13 29 32 	26
07/06/2006	0716	21 38 11 28 12 31 	34
04/06/2006	0715	30 20 26 27 13 15 	35
31/05/2006	0714	36 44 35 08 39 13 	17
28/05/2006	0713	39 35 38 32 43 30 	40
24/05/2006	0712	40 18 03 37 07 41 	11
21/05/2006	0711	22 35 40 30 43 29 	16
17/05/2006	0710	01 39 17 13 10 20 	22
14/05/2006	0709	20 23 32 28 36 27 	07
10/05/2006	0708	40 43 41 30 38 34 	29
07/05/2006	0707	06 35 36 05 44 07 	23
03/05/2006	0706	05 40 18 04 12 06 	29
30/04/2006	0705	12 05 21 02 38 23 	24
26/04/2006	0704	14 38 31 11 39 45 	28
23/04/2006	0703	35 08 39 26 09 36 	37
19/04/2006	0702	41 22 39 43 11 35 	44
16/04/2006	0701	36 27 20 24 26 11 	28
12/04/2006	0700	34 08 14 42 38 11 	36
09/04/2006	0699	10 20 39 13 43 06 	35
05/04/2006	0698	37 31 30 19 26 06 	41
02/04/2006	0697	29 43 28 12 41 08 	17
29/03/2006	0696	20 09 39 45 32 40 	41
26/03/2006	0695	41 16 44 20 06 43 	22 	15 05 	Promoción Sí o Sí
22/03/2006	0694	08 34 42 26 17 44 	33
19/03/2006	0693	37 02 36 42 41 14 	05
15/03/2006	0692	32 27 06 25 43 21 	35
12/03/2006	0691	17 02 24 34 01 29 	30
08/03/2006	0690	24 29 34 13 23 33 	15
05/03/2006	0689	32 39 21 16 02 26 	08
01/03/2006	0688	19 37 42 10 41 05 	14
26/02/2006	0687	30 39 24 11 16 33 	37
22/02/2006	0686	33 17 15 44 12 25 	35
19/02/2006	0685	11 23 24 38 20 01 	37
15/02/2006	0684	41 27 39 13 25 34 	05
12/02/2006	0683	33 02 10 13 03 16 	11
08/02/2006	0682	31 21 44 03 06 28 	04
05/02/2006	0681	09 24 23 39 15 25 	18
01/02/2006	0680	41 23 18 27 14 11 	13
29/01/2006	0679	10 18 25 39 03 09 	38
25/01/2006	0678	29 16 04 17 23 28 	19
22/01/2006	0677	07 39 36 29 42 34 	03
18/01/2006	0676	14 39 29 07 45 24 	02
15/01/2006	0675	31 23 39 04 20 28 	25
11/01/2006	0674	21 14 22 05 29 08 	34
08/01/2006	0673	24 04 07 41 23 11 	13
04/01/2006	0672	03 16 41 11 44 40 	01
01/01/2006	0671	23 24 03 40 14 30 	34
28/12/2005	0670	45 11 44 35 18 12 	14
25/12/2005	0669	37 45 26 01 11 41 	20 	36 27 10 17 	Promoción Sí o Sí
21/12/2005	0668	25 37 16 15 27 20 	13
18/12/2005	0667	29 23 43 20 36 35 	10 	45 02 38 32 	Promoción Sí o Sí
14/12/2005	0666	38 37 04 35 45 34 	03
11/12/2005	0665	36 30 22 29 19 20 	11
07/12/2005	0664	39 23 44 07 33 03 	02
04/12/2005	0663	05 12 20 17 04 43 	13
30/11/2005	0662	39 31 34 06 23 42 	01
27/11/2005	0661	34 20 33 01 05 07 	38
23/11/2005	0660	23 18 35 17 09 25 	08
20/11/2005	0659	26 09 34 32 07 31 	08
16/11/2005	0658	16 31 26 13 01 30 	37
13/11/2005	0657	36 28 17 18 08 12 	13
09/11/2005	0656	26 37 05 39 25 13 	09
06/11/2005	0655	08 36 40 35 32 02 	26
02/11/2005	0654	03 20 23 06 26 18 	02
30/10/2005	0653	15 28 30 43 34 23 	01
26/10/2005	0652	15 14 22 09 03 08 	37
23/10/2005	0651	07 05 41 01 35 15 	11
19/10/2005	0650	32 24 29 07 08 33 	11
16/10/2005	0649	12 30 25 18 05 16 	13
12/10/2005	0648	21 08 05 24 35 40 	37
09/10/2005	0647	23 29 14 09 42 45 	32
05/10/2005	0646	19 40 15 23 26 37 	22
02/10/2005	0645	16 40 05 26 36 31 	34
28/09/2005	0644	20 41 42 15 10 09 	26
25/09/2005	0643	36 11 17 14 43 19 	27
21/09/2005	0642	40 37 08 24 19 29 	07
18/09/2005	0641	12 23 35 05 10 02 	21
14/09/2005	0640	29 15 13 24 22 36 	38
11/09/2005	0639	16 09 34 45 12 07 	24
07/09/2005	0638	30 41 32 20 27 36 	40
04/09/2005	0637	13 08 25 41 28 01 	15
31/08/2005	0636	18 13 16 30 24 42 	17
28/08/2005	0635	11 24 37 12 04 10 	45
24/08/2005	0634	36 26 12 31 45 24 	27
21/08/2005	0633	45 36 35 16 37 09 	13
17/08/2005	0632	18 12 37 02 16 21 	34
14/08/2005	0631	13 23 18 27 10 11 	05
10/08/2005	0630	12 31 37 22 07 20 	42
07/08/2005	0629	24 21 09 08 16 40 	12
03/08/2005	0628	37 15 06 10 36 25 	32
31/07/2005	0627	02 25 26 32 15 39 	18
27/07/2005	0626	18 45 06 40 11 24 	33
24/07/2005	0625	06 31 10 01 02 19 	05
20/07/2005	0624	17 36 12 23 29 38 	06
17/07/2005	0623	44 39 41 10 02 32 	03
13/07/2005	0622	08 03 37 44 13 31 	28
10/07/2005	0621	06 40 18 28 12 16 	44
06/07/2005	0620	04 30 26 36 23 45 	12
03/07/2005	0619	01 34 18 35 37 27 	15
29/06/2005	0618	39 31 37 41 07 21 	30
26/06/2005	0617	13 36 34 33 24 32 	04
22/06/2005	0616	37 07 30 02 01 27 	05
19/06/2005	0615	35 20 42 08 19 15 	21
15/06/2005	0614	43 38 40 22 16 34 	03
12/06/2005	0613	35 37 12 10 21 17 	11
08/06/2005	0612	41 11 04 07 10 06 	45
05/06/2005	0611	34 20 38 41 43 03 	28
01/06/2005	0610	37 06 32 18 19 08 	14
29/05/2005	0609	10 37 33 03 18 35 	20
25/05/2005	0608	16 24 29 08 36 40 	27
22/05/2005	0607	25 22 44 38 33 42 	43
18/05/2005	0606	28 16 05 23 06 35 	01
15/05/2005	0605	34 06 04 45 41 17 	01
11/05/2005	0604	27 23 28 12 16 04 	32
08/05/2005	0603	04 39 30 25 40 42 	26
04/05/2005	0602	25 21 05 02 17 27 	44
01/05/2005	0601	07 25 05 14 30 10 	22
27/04/2005	0600	25 32 21 05 45 40 	06
24/04/2005	0599	23 06 36 22 09 05 	04
20/04/2005	0598	44 12 08 29 15 33 	06
17/04/2005	0597	33 10 17 01 23 27 	38
13/04/2005	0596	23 20 15 45 11 29 	02
10/04/2005	0595	23 11 36 20 14 28 	33
06/04/2005	0594	27 32 19 08 02 24 	43
03/04/2005	0593	05 21 24 17 40 16 	26
30/03/2005	0592	14 12 07 05 31 41 	04
27/03/2005	0591	42 05 35 27 45 06 	34
23/03/2005	0590	44 22 43 21 40 05 	35
20/03/2005	0589	04 41 43 45 09 23 	28
16/03/2005	0588	02 18 26 14 05 07 	24
13/03/2005	0587	36 03 27 42 15 34 	38
09/03/2005	0586	01 04 26 20 40 44 	24
06/03/2005	0585	22 02 33 13 01 21 	27
02/03/2005	0584	17 42 01 18 06 34 	16 	05 23 25 07 	Promoción Sí o Sí
27/02/2005	0583	04 43 29 38 07 14 	05 	34 32 16 11 	Promoción Sí o Sí
23/02/2005	0582	18 42 40 26 10 04 	14
20/02/2005	0581	44 21 09 45 37 28 	12
16/02/2005	0580	20 45 21 16 19 14 	44
13/02/2005	0579	06 41 28 39 34 43 	04
09/02/2005	0578	13 31 30 20 09 24 	14
05/02/2005	0577	02 25 03 40 11 22 	44
02/02/2005	0576	13 36 22 10 32 01 	16
30/01/2005	0575	26 21 01 29 32 35 	37
26/01/2005	0574	28 26 02 10 41 17 	29
23/01/2005	0573	35 36 45 38 44 19 	14
19/01/2005	0572	11 21 25 19 41 12 	32
16/01/2005	0571	34 10 12 16 31 17 	22
12/01/2005	0570	06 29 13 44 04 21 	28
09/01/2005	0569	21 09 45 18 22 12 	27
05/01/2005	0568	18 44 21 16 10 35 	39
02/01/2005	0567	34 24 13 29 38 31 	25
29/12/2004	0566	05 14 17 12 21 39 	10
26/12/2004	0565	12 10 39 20 14 30 	44
22/12/2004	0564	25 17 02 03 27 01 	28
19/12/2004	0563	44 23 38 12 01 34 	05
15/12/2004	0562	10 44 26 17 04 29 	25
12/12/2004	0561	22 14 02 20 37 38 	21
08/12/2004	0560	14 45 18 37 36 31 	04
05/12/2004	0559	09 27 37 22 34 10 	01
01/12/2004	0558	08 24 14 22 42 23 	30
28/11/2004	0557	37 30 35 40 12 24 	29
24/11/2004	0556	29 19 27 30 07 13 	39
21/11/2004	0555	21 14 38 28 01 27 	10
17/11/2004	0554	17 20 10 38 27 14 	44
14/11/2004	0553	37 42 19 36 41 05 	09
10/11/2004	0552	28 16 31 17 39 32 	18
07/11/2004	0551	37 16 08 36 04 40 	45
03/11/2004	0550	33 43 02 29 28 23 	27
31/10/2004	0549	02 26 28 07 27 33 	40
27/10/2004	0548	07 40 02 36 11 29 	14
24/10/2004	0547	32 28 33 12 09 17 	10
20/10/2004	0546	07 17 20 05 33 10 	22
17/10/2004	0545	45 30 27 42 38 44 	03
13/10/2004	0544	40 30 37 29 14 45 	15
10/10/2004	0543	11 40 19 21 27 37 	03
06/10/2004	0542	24 05 31 07 19 14 	09
03/10/2004	0541	01 15 40 37 36 24 	32
29/09/2004	0540	02 37 05 14 42 12 	25
26/09/2004	0539	23 12 11 16 41 34 	40
22/09/2004	0538	33 23 43 27 15 29 	37
19/09/2004	0537	30 20 31 27 33 11 	23
15/09/2004	0536	43 36 04 35 24 39 	02
12/09/2004	0535	05 23 12 26 41 16 	45
08/09/2004	0534	22 37 20 43 41 18 	12
05/09/2004	0533	16 15 43 32 40 03 	19 	22 12 24 44 	Promoción Sí o Sí
01/09/2004	0532	42 04 15 45 19 05 	02 	13 39 41 31 	Promoción Sí o Sí
29/08/2004	0531	39 32 16 26 34 22 	10
25/08/2004	0530	28 07 02 45 35 39 	05
22/08/2004	0529	10 44 14 30 32 11 	05
18/08/2004	0528	14 34 43 15 03 22 	38
15/08/2004	0527	38 11 28 35 36 41 	06
11/08/2004	0526	34 37 39 24 32 36 	08
08/08/2004	0525	20 34 22 15 31 43 	14
04/08/2004	0524	16 05 20 29 27 15 	36
01/08/2004	0523	41 42 44 45 01 21 	36
28/07/2004	0522	31 09 21 10 42 30 	45
25/07/2004	0521	25 38 13 10 16 24 	34
21/07/2004	0520	32 45 08 28 24 35 	22
18/07/2004	0519	25 01 20 09 31 12 	15
14/07/2004	0518	05 10 08 02 43 41 	13
11/07/2004	0517	03 20 36 29 42 32 	08
07/07/2004	0516	30 04 23 28 02 11 	08
04/07/2004	0515	07 44 45 03 28 06 	43
30/06/2004	0514	34 26 31 16 03 40 	38
27/06/2004	0513	11 23 26 16 20 18 	05
23/06/2004	0512	38 02 41 04 14 35 	10
20/06/2004	0511	20 29 19 32 43 01 	11
16/06/2004	0510	04 16 29 18 41 26 	40
13/06/2004	0509	31 20 27 39 34 26 	06
09/06/2004	0508	45 14 38 09 02 42 	19
06/06/2004	0507	09 08 22 11 02 38 	13
02/06/2004	0506	25 36 20 05 45 41 	14
30/05/2004	0505	01 13 45 27 16 12 	06
26/05/2004	0504	43 09 38 15 27 39 	26
23/05/2004	0503	40 16 09 25 28 20 	34
19/05/2004	0502	27 36 11 42 12 41 	33
16/05/2004	0501	07 03 35 34 24 15 	11
09/05/2004	0500	38 04 40 28 36 39 	15
02/05/2004	0499	41 22 08 18 13 11 	02
25/04/2004	0498	33 13 40 12 36 38 	19
18/04/2004	0497	18 31 27 45 42 06 	11
11/04/2004	0496	29 36 18 28 03 04 	10
04/04/2004	0495	45 10 19 24 42 30 	16
28/03/2004	0494	30 12 45 44 19 39 	03
21/03/2004	0493	13 19 37 26 42 24 	01
14/03/2004	0492	29 13 43 21 26 05 	09
07/03/2004	0491	09 17 22 44 34 41 	36
29/02/2004	0490	37 22 25 15 14 04 	33
22/02/2004	0489	19 28 30 11 12 34 	32
15/02/2004	0488	25 17 30 45 43 16 	26
08/02/2004	0487	17 43 41 30 15 33 	12
01/02/2004	0486	23 25 34 28 11 35 	24 	06 38 02 07 	Promoción Sí o Sí
25/01/2004	0485	23 18 36 06 39 27 	19 	30 26 07 33 	Promoción Sí o Sí
18/01/2004	0484	34 44 11 01 39 35 	13 	33 10 14 04 	Promoción Sí o Sí
11/01/2004	0483	19 22 40 01 12 37 	16 	34 24 06 27 	Promoción Sí o Sí
04/01/2004	0482	22 16 06 41 31 28 	27 	11 13 14 40 	Promoción Sí o Sí
28/12/2003	0481	28 19 02 15 07 21 	32
21/12/2003	0480	18 30 19 33 42 40 	04 	07 17 23 16 	Promoción Sí o Sí
14/12/2003	0479	01 41 26 17 28 27 	25 	16 37 23 19 	Promoción Sí o Sí
07/12/2003	0478	02 39 14 42 15 37 	12 	13 26 09 10 	Promoción Sí o Sí
30/11/2003	0477	01 02 39 41 18 34 	27 	25 29 12 07 	Promoción Sí o Sí
23/11/2003	0476	27 32 24 03 13 06 	26 	11 16 19 25 	Promoción Sí o Sí
16/11/2003	0475	17 12 35 05 15 18 	32 	44 03 13 36 	Promoción Sí o Sí
09/11/2003	0474	18 43 35 19 40 14 	34 	21 27 45 23 	Promoción Sí o Sí
02/11/2003	0473	11 43 17 20 30 04 	08 	19 37 27 41 	Promoción Sí o Sí
26/10/2003	0472	36 09 07 18 13 15 	31 	43 20 21 12 	Promoción Sí o Sí
19/10/2003	0471	02 21 42 10 17 14 	06 	36 38 39 09 	Promoción Sí o Sí
12/10/2003	0470	19 21 41 17 22 38 	01 	43 15 26 27 	Promoción Sí o Sí
05/10/2003	0469	40 41 23 06 44 18 	27 	34 19 38 37 	Promoción Sí o Sí
28/09/2003	0468	28 42 40 11 22 37 	05
21/09/2003	0467	38 45 21 24 41 29 	33 	40 04 39 18 	Promoción Sí o Sí
14/09/2003	0466	23 10 22 45 21 09 	43 	15 03 07 37 	Promoción Sí o Sí
07/09/2003	0465	08 19 15 07 44 20 	38 	05 16 29 28 	Promoción Sí o Sí
31/08/2003	0464	08 36 41 02 14 03 	38 	45 18 39 04 	Promoción Sí o Sí
24/08/2003	0463	30 22 11 07 04 10 	41 	03 15 06 37 	Promoción Sí o Sí
17/08/2003	0462	30 45 41 18 21 36 	03 	05 29 12 26 	Promoción Sí o Sí
10/08/2003	0461	14 30 27 16 35 22 	39 	12 38 34 20 	Promoción Sí o Sí
03/08/2003	0460	03 15 26 43 33 41 	05 	37 31 29 32 	Promoción Sí o Sí
27/07/2003	0459	16 13 41 43 22 20 	07 	37 14 25 44 	Promoción Sí o Sí
20/07/2003	0458	37 17 20 19 12 38 	18 	22 01 36 16 	Promoción Sí o Sí
13/07/2003	0457	36 08 41 15 16 17 	24 	10 12 09 22 	Promoción Sí o Sí
06/07/2003	0456	26 38 31 13 40 27 	39 	25 23 36 03 	Promoción Sí o Sí
29/06/2003	0455	06 27 12 22 19 07 	08 	09 01 26 32 	Promoción Sí o Sí
22/06/2003	0454	10 25 04 30 28 14 	03 	34 09 40 08 	Promoción Sí o Sí
15/06/2003	0453	45 35 07 28 13 33 	09 	08 03 43 19 	Promoción Sí o Sí
08/06/2003	0452	34 05 16 39 06 43 	41 	22 24 08 10 	Promoción Sí o Sí
01/06/2003	0451	29 13 40 09 08 17 	10 	05 07 04 42 	Promoción Sí o Sí
25/05/2003	0450	39 09 21 07 16 14 	01 	04 34 44 22 	Promoción Sí o Sí
18/05/2003	0449	37 09 32 25 29 40 	24 	20 41 14 31 	Promoción Sí o Sí
11/05/2003	0448	39 13 04 20 43 06 	03 	27 24 21 02 	Promoción Sí o Sí
04/05/2003	0447	10 36 02 19 30 34 	45 	22 03 28 09 	Promoción Sí o Sí
27/04/2003	0446	09 43 32 26 41 11 	05 	07 25 30 16 	Promoción Sí o Sí
20/04/2003	0445	03 43 01 35 30 05 	21 	29 19 14 06 	Promoción Sí o Sí
13/04/2003	0444	09 35 25 33 36 10 	12 	44 19 34 38 	Promoción Sí o Sí
06/04/2003	0443	42 27 18 40 04 13 	39
30/03/2003	0442	30 05 39 18 11 32 	22 	33 08 27 21 	Promoción Sí o Sí
23/03/2003	0441	31 23 14 36 29 30 	16 	01 37 18 27 	Promoción Sí o Sí
16/03/2003	0440	34 24 09 14 03 20 	16 	27 42 26 32 	Promoción Sí o Sí
09/03/2003	0439	11 42 13 19 40 34 	28 	32 24 29 43 	Promoción Sí o Sí
02/03/2003	0438	09 10 25 40 41 12 	03 	32 21 31 42 	Promoción Sí o Sí
23/02/2003	0437	28 01 11 45 02 42 	36 	44 31 29 35 	Promoción Sí o Sí
16/02/2003	0436	37 40 10 04 24 28 	03 	16 17 35 12 	Promoción Sí o Sí
09/02/2003	0435	15 05 13 21 09 28 	26 	24 38 42 03 	Promoción Sí o Sí
02/02/2003	0434	05 30 03 32 23 44 	33 	45 08 06 10 	Promoción Sí o Sí
26/01/2003	0433	05 41 25 43 09 23 	06 	36 12 34 01 	Promoción Sí o Sí
19/01/2003	0432	42 08 27 31 22 01 	13 	19 33 02 41 	Promoción Sí o Sí
12/01/2003	0431	25 28 16 14 13 33 	41 	30 39 08 06 	Promoción Sí o Sí
05/01/2003	0430	19 23 27 10 25 32 	20 	08 40 06 22 	Promoción Sí o Sí
29/12/2002	0429	42 27 23 34 44 15 	16 	31 09 11 36 	Promoción Sí o Sí
22/12/2002	0428	39 22 32 04 02 27 	25 	20 38 37 15 	Promoción Sí o Sí
15/12/2002	0427	11 43 15 38 35 36 	31 	02 07 22 16 	Promoción Sí o Sí
08/12/2002	0426	45 17 36 13 40 32 	04
01/12/2002	0425	13 14 31 35 45 42 	17
24/11/2002	0424	14 42 40 06 39 45 	03
17/11/2002	0423	36 21 04 02 42 30 	10
10/11/2002	0422	17 09 04 18 12 08 	39
03/11/2002	0421	14 41 09 38 28 24 	26
27/10/2002	0420	16 43 42 04 39 20 	02
20/10/2002	0419	43 33 09 27 15 08 	03
13/10/2002	0418	17 10 20 45 39 11 	07
06/10/2002	0417	38 27 18 15 39 19 	11
29/09/2002	0416	21 05 41 33 43 01 	14
22/09/2002	0415	23 18 38 22 24 31 	21
15/09/2002	0414	25 10 19 05 09 26 	02
08/09/2002	0413	17 39 06 41 31 05 	32
01/09/2002	0412	31 39 18 01 21 22 	06
25/08/2002	0411	27 35 14 01 17 41 	29
18/08/2002	0410	13 01 14 39 18 17 	24
11/08/2002	0409	18 32 13 01 04 17 	29
04/08/2002	0408	35 30 45 29 25 04 	33
28/07/2002	0407	17 09 31 32 02 41 	08
21/07/2002	0406	07 34 23 42 43 15 	32
14/07/2002	0405	04 40 21 07 27 42 	09
07/07/2002	0404	08 34 42 03 37 07 	45
30/06/2002	0403	40 33 39 04 29 19 	09
23/06/2002	0402	35 32 08 31 09 22 	43
16/06/2002	0401	43 05 27 06 32 23 	21
09/06/2002	0400	05 13 26 21 04 19 	01
02/06/2002	0399	08 42 16 44 18 17 	34
26/05/2002	0398	24 44 13 43 12 32 	34
19/05/2002	0397	41 14 03 26 36 24 	17
12/05/2002	0396	32 34 33 20 45 30 	25
05/05/2002	0395	12 32 35 09 43 20 	29
28/04/2002	0394	36 24 03 32 37 21 	29
21/04/2002	0393	43 39 06 17 03 45 	04
14/04/2002	0392	35 40 45 05 38 42 	16
07/04/2002	0391	15 43 20 45 28 24 	38
31/03/2002	0390	43 38 17 08 44 03 	14
24/03/2002	0389	23 14 26 32 36 42 	05
17/03/2002	0388	18 37 20 17 07 14 	35
10/03/2002	0387	15 16 36 37 10 05 	13
03/03/2002	0386	21 03 31 15 16 44 	08 	05 02 	Promoción Sí o Sí
24/02/2002	0385	40 16 26 21 28 45 	05
17/02/2002	0384	36 14 18 17 03 16 	32
10/02/2002	0383	39 29 41 26 07 17 	12
03/02/2002	0382	23 20 15 04 16 22 	45
27/01/2002	0381	42 01 19 21 06 43 	23
20/01/2002	0380	20 12 38 31 29 17 	27
13/01/2002	0379	41 08 11 10 17 09 	01
06/01/2002	0378	10 24 25 38 42 11 	05
30/12/2001	0377	08 21 40 24 16 01 	30
23/12/2001	0376	19 33 09 32 08 38 	22
16/12/2001	0375	03 24 25 19 04 33 	43
09/12/2001	0374	30 10 36 17 02 44 	07
02/12/2001	0373	33 31 02 07 10 37 	03
25/11/2001	0372	44 01 40 29 39 36 	05
18/11/2001	0371	11 44 35 16 27 38 	26
11/11/2001	0370	34 36 19 23 32 45 	02
04/11/2001	0369	15 12 07 17 11 19 	45
28/10/2001	0368	02 18 29 28 40 35 	27
21/10/2001	0367	10 23 03 30 02 37 	26
14/10/2001	0366	21 11 42 38 05 01 	03
07/10/2001	0365	38 10 40 22 02 07 	06
30/09/2001	0364	27 45 44 32 24 36 	11
23/09/2001	0363	36 20 24 28 32 42 	45
16/09/2001	0362	02 19 21 35 42 14 	20
09/09/2001	0361	04 30 38 41 19 40 	03
02/09/2001	0360	03 40 12 15 39 09 	19
26/08/2001	0359	27 03 39 42 23 33 	19
19/08/2001	0358	39 35 25 19 42 41 	03
12/08/2001	0357	08 03 45 42 33 44 	04
05/08/2001	0356	26 37 25 07 33 12 	30
29/07/2001	0355	02 43 08 44 14 05 	32
22/07/2001	0354	03 26 27 40 20 18 	19
15/07/2001	0353	03 08 14 10 44 45 	09
08/07/2001	0352	43 44 14 25 40 33 	11 	34 	Promoción Sí o Sí
01/07/2001	0351	05 24 17 39 08 18 	09 	39 	Promoción Sí o Sí
24/06/2001	0350	16 30 02 32 14 13 	38
17/06/2001	0349	19 34 01 15 37 20 	05 	27 05 	Promoción Sí o Sí
10/06/2001	0348	14 13 25 16 06 17 	01 	19 05 	Promoción Sí o Sí
03/06/2001	0347	45 02 43 39 31 29 	04 	33 10 	Promoción Sí o Sí
27/05/2001	0346	05 36 40 09 20 15 	42
20/05/2001	0345	28 30 09 31 33 18 	24 	39 11 	Promoción Sí o Sí
13/05/2001	0344	43 01 45 34 03 31 	22 	29 38 	Promoción Sí o Sí
06/05/2001	0343	26 31 45 32 11 42 	04 	42 44 10 	Promoción Sí o Sí
29/04/2001	0342	41 10 15 25 09 43 	39 	06 17 	Promoción Sí o Sí
22/04/2001	0341	16 28 27 33 19 30 	23
15/04/2001	0340	14 38 31 12 45 20 	22
08/04/2001	0339	44 45 10 14 31 30 	37
01/04/2001	0338	20 45 43 39 34 32 	30
25/03/2001	0337	32 17 45 22 14 38 	03
18/03/2001	0336	27 17 25 05 12 11 	15
11/03/2001	0335	15 37 39 42 03 04 	01
04/03/2001	0334	26 02 31 06 27 28 	03
25/02/2001	0333	38 36 24 08 39 11 	26
18/02/2001	0332	24 39 21 01 30 18 	13
11/02/2001	0331	21 40 31 13 45 39 	01
04/02/2001	0330	42 37 32 02 18 27 	40
28/01/2001	0329	12 20 01 06 19 02 	24
21/01/2001	0328	39 20 37 30 26 28 	41
14/01/2001	0327	13 29 10 07 19 28 	37
07/01/2001	0326	23 33 13 30 44 14 	36
31/12/2000	0325	25 43 35 02 42 41 	45
25/12/2000	0324	44 03 40 07 15 13 	35
17/12/2000	0323	39 18 28 44 20 22 	27
10/12/2000	0322	08 17 12 21 38 32 	18
03/12/2000	0321	23 35 24 01 32 31 	40
26/11/2000	0320	23 01 30 18 39 05 	26
19/11/2000	0319	44 19 16 26 09 42 	17
12/11/2000	0318	42 20 10 14 37 08 	45
05/11/2000	0317	28 45 21 43 03 02 	16
29/10/2000	0316	12 23 16 39 28 38 	18
22/10/2000	0315	20 41 45 10 17 33 	19
15/10/2000	0314	35 24 33 26 17 39 	44
08/10/2000	0313	38 26 03 37 21 25 	29
01/10/2000	0312	16 45 44 33 31 29 	08
24/09/2000	0311	32 29 21 45 12 05 	28
17/09/2000	0310	40 31 39 03 08 30 	35
10/09/2000	0309	43 26 02 03 21 34 	19
03/09/2000	0308	41 01 45 30 36 29 	07
27/08/2000	0307	24 41 12 13 31 11 	28
20/08/2000	0306	03 11 04 17 23 31 	29
13/08/2000	0305	22 16 30 13 37 41 	34
06/08/2000	0304	18 28 12 14 41 03 	22
30/07/2000	0303	14 35 45 03 08 31 	26
23/07/2000	0302	34 45 20 25 06 42 	15
16/07/2000	0301	21 09 16 12 18 28 	07
09/07/2000	0300	13 45 22 42 33 32 	28
02/07/2000	0299	15 28 17 12 40 03 	43
25/06/2000	0298	31 14 43 40 05 13 	02
18/06/2000	0297	27 29 34 39 18 01 	31
11/06/2000	0296	17 13 26 32 35 19 	27
04/06/2000	0295	05 01 07 21 33 04 	42
28/05/2000	0294	36 13 40 43 24 26 	42
21/05/2000	0293	38 33 17 30 20 29 	02
14/05/2000	0292	32 08 19 35 29 11 	03
07/05/2000	0291	34 25 09 01 05 39 	21
30/04/2000	0290	18 43 22 39 38 24 	41
23/04/2000	0289	30 37 11 42 04 01 	07
16/04/2000	0288	40 07 01 22 28 20 	15
09/04/2000	0287	35 01 31 39 21 36 	22
02/04/2000	0286	19 12 23 01 43 04 	40
26/03/2000	0285	36 01 07 26 42 28 	22
19/03/2000	0284	10 37 01 17 11 23 	13
12/03/2000	0283	32 15 04 18 21 10 	19
05/03/2000	0282	27 06 24 14 18 42 	31
27/02/2000	0281	19 05 23 29 18 39 	04
20/02/2000	0280	39 05 18 21 08 41 	15
13/02/2000	0279	28 01 32 08 24 23 	38
06/02/2000	0278	09 12 25 02 18 28 	05
30/01/2000	0277	17 02 19 31 33 15 	21
23/01/2000	0276	39 02 31 30 01 16 	41
16/01/2000	0275	26 16 32 43 36 12 	14
09/01/2000	0274	35 39 17 05 24 12 	09
31/12/1999	0273	16 12 14 34 36 05 	41
26/12/1999	0272	16 01 04 28 38 09 	36
19/12/1999	0271	01 28 43 22 35 04 	24
12/12/1999	0270	17 21 40 43 27 34 	37
05/12/1999	0269	10 13 32 16 03 30 	28
28/11/1999	0268	14 37 21 17 25 20 	28
21/11/1999	0267	06 04 30 19 43 21 	24
14/11/1999	0266	34 39 30 27 16 13 	33
07/11/1999	0265	14 29 32 06 35 17 	20
31/10/1999	0264	03 21 37 42 19 07 	05
24/10/1999	0263	19 41 06 25 07 37 	43
17/10/1999	0262	18 10 28 30 21 33 	20
10/10/1999	0261	22 28 06 04 41 07 	32
03/10/1999	0260	05 08 14 09 06 34 	27
26/09/1999	0259	39 17 01 18 42 43 	15
19/09/1999	0258	08 21 18 35 26 36 	25
12/09/1999	0257	26 22 05 42 33 17 	34
05/09/1999	0256	31 41 25 19 01 04 	13
29/08/1999	0255	02 07 28 04 36 12 	01
22/08/1999	0254	06 19 37 05 40 03 	11
15/08/1999	0253	35 15 20 10 41 27 	42
08/08/1999	0252	24 13 36 27 22 31 	12
01/08/1999	0251	19 25 30 35 33 01 	28
25/07/1999	0250	17 39 24 13 19 42 	02
18/07/1999	0249	25 33 26 04 24 16 	37
11/07/1999	0248	37 35 38 11 12 04 	25
04/07/1999	0247	37 24 14 18 25 22 	15
27/06/1999	0246	07 11 21 23 28 31 	01
20/06/1999	0245	31 18 11 33 43 38
13/06/1999	0244	14 17 39 40 03 34
06/06/1999	0243	18 26 41 08 01 17
30/05/1999	0242	02 41 24 16 06 38
23/05/1999	0241	04 16 31 12 15 30
16/05/1999	0240	22 07 20 41 43 15
09/05/1999	0239	06 32 35 15 38 18
02/05/1999	0238	22 26 24 23 03 07
25/04/1999	0237	13 38 03 14 36 17
18/04/1999	0236	15 04 09 08 06 22
11/04/1999	0235	19 12 34 38 07 14
04/04/1999	0234	11 23 30 36 41 42
28/03/1999	0233	36 40 03 17 21 14
21/03/1999	0232	39 04 34 11 31 13
14/03/1999	0231	40 20 26 27 36 34
07/03/1999	0230	33 14 19 27 13 02
28/02/1999	0229	33 35 27 28 39 40
21/02/1999	0228	01 29 04 34 43 09
14/02/1999	0227	25 23 14 32 33 21
07/02/1999	0226	04 09 23 21 34 06
31/01/1999	0225	28 36 26 13 27 02
24/01/1999	0224	38 07 19 08 27 11
17/01/1999	0223	36 33 39 21 23 14
10/01/1999	0222	22 20 26 36 43 33
03/01/1999	0221	01 09 17 07 30 31
27/12/1998	0220	20 03 05 37 11 14
20/12/1998	0219	06 38 08 07 39 09
13/12/1998	0218	13 18 19 27 32 35
06/12/1998	0217	05 09 12 16 21 36
29/11/1998	0216	08 20 23 32 35 37
22/11/1998	0215	06 18 27 31 38 41
15/11/1998	0214	01 05 21 22 23 26
08/11/1998	0213	14 16 17 20 26 27
01/11/1998	0212	15 23 28 30 36 37
25/10/1998	0211	06 07 08 18 28 36
18/10/1998	0210	07 13 17 33 38 42
11/10/1998	0209	09 15 18 20 22 41
04/10/1998	0208	02 23 33 36 37 39
27/09/1998	0207	01 13 14 16 21 31
20/09/1998	0206	07 22 24 34 39 40
13/09/1998	0205	08 16 18 23 24 27
06/09/1998	0204	01 02 15 21 32 34
30/08/1998	0203	07 18 22 25 38 43
23/08/1998	0202	03 04 11 15 24 35
16/08/1998	0201	22 32 33 34 36 41
09/08/1998	0200	05 12 17 18 26 34
02/08/1998	0199	09 23 25 29 32 36
26/07/1998	0198	04 06 09 11 14 21
19/07/1998	0197	10 15 17 24 40 43
12/07/1998	0196	14 17 20 23 30 39
05/07/1998	0195	11 25 26 27 31 34
28/06/1998	0194	02 09 19 30 37 38
21/06/1998	0193	04 08 11 25 35 42
14/06/1998	0192	01 18 19 27 31 37
07/06/1998	0191	14 20 23 28 29 40
31/05/1998	0190	09 11 14 15 20 29
24/05/1998	0189	01 06 18 23 26 32
17/05/1998	0188	07 08 10 32 40 42
10/05/1998	0187	02 22 29 35 39 42
03/05/1998	0186	11 15 27 36 41 42
26/04/1998	0185	10 11 23 27 40 41
19/04/1998	0184	14 15 20 29 31 35
12/04/1998	0183	02 07 16 23 32 42
05/04/1998	0182	13 14 25 34 36 40
29/03/1998	0181	09 11 14 19 40 43
22/03/1998	0180	01 18 31 39 40 42
15/03/1998	0179	01 02 26 30 35 37
08/03/1998	0178	01 08 10 28 35 41
01/03/1998	0177	13 16 21 22 33 35
22/02/1998	0176	15 25 29 32 34 36
15/02/1998	0175	01 04 16 19 22 24
08/02/1998	0174	07 10 13 36 37 40
01/02/1998	0173	03 07 14 23 25 33
25/01/1998	0172	09 10 15 22 23 34
18/01/1998	0171	05 20 24 25 28 36
11/01/1998	0170	01 10 17 22 27 36
04/01/1998	0169	05 13 31 33 34 36
28/12/1997	0168	08 09 21 26 29 35
21/12/1997	0167	07 09 30 36 37 39
14/12/1997	0166	01 04 11 16 23 29
07/12/1997	0165	07 11 14 18 35 39
30/11/1997	0164	04 13 15 17 19 25
23/11/1997	0163	01 08 18 21 24 31
16/11/1997	0162	02 07 12 17 22 31
09/11/1997	0161	08 10 11 12 26 35
02/11/1997	0160	05 22 23 35 36 39
26/10/1997	0159	02 03 07 15 28 30
19/10/1997	0158	04 09 12 14 29 39
12/10/1997	0157	10 18 20 31 36 38
05/10/1997	0156	01 09 17 22 24 37
28/09/1997	0155	06 15 17 25 27 33
21/09/1997	0154	05 09 11 12 15 33
14/09/1997	0153	10 11 13 15 24 36
07/09/1997	0152	01 07 31 35 36 39
31/08/1997	0151	03 19 24 25 26 31
24/08/1997	0150	01 02 07 27 28 34
17/08/1997	0149	03 04 08 23 26 30
10/08/1997	0148	06 13 14 17 19 22
03/08/1997	0147	02 06 09 24 30 33
27/07/1997	0146	05 07 16 17 25 36
20/07/1997	0145	01 03 07 15 23 32
13/07/1997	0144	01 03 18 23 24 35
06/07/1997	0143	10 17 25 29 34 36
29/06/1997	0142	03 05 12 16 21 25
22/06/1997	0141	03 05 23 24 25 26
15/06/1997	0140	02 04 16 28 30 31
08/06/1997	0139	01 04 07 28 30 33
01/06/1997	0138	09 15 16 28 30 33
25/05/1997	0137	03 06 20 32 33 36
18/05/1997	0136	05 06 10 15 19 32
11/05/1997	0135	02 06 13 24 29 33
04/05/1997	0134	01 06 07 15 22 34
27/04/1997	0133	13 14 17 28 30 36
20/04/1997	0132	03 04 10 19 20 28
13/04/1997	0131	04 07 08 12 13 22
06/04/1997	0130	09 11 25 26 28 29
30/03/1997	0129	07 25 27 30 32 33
23/03/1997	0128	06 12 21 23 28 35
16/03/1997	0127	09 14 15 20 22 27
09/03/1997	0126	09 17 19 22 23 35
02/03/1997	0125	01 06 08 21 30 33
23/02/1997	0124	01 19 23 26 32 36
16/02/1997	0123	02 06 12 16 18 31
09/02/1997	0122	06 07 11 12 26 33
02/02/1997	0121	07 10 11 16 32 34
26/01/1997	0120	02 18 19 20 23 27
19/01/1997	0119	01 07 16 30 31 36
12/01/1997	0118	05 08 16 19 21 25
05/01/1997	0117	04 07 09 12 18 21
29/12/1996	0116	09 10 21 23 26 32
22/12/1996	0115	04 14 20 21 32 35
15/12/1996	0114	10 13 14 15 33 35
08/12/1996	0113	02 11 13 18 24 25
01/12/1996	0112	01 11 12 17 26 27
24/11/1996	0111	09 14 15 23 33 35
17/11/1996	0110	06 12 17 18 21 25
10/11/1996	0109	04 07 11 13 19 20
03/11/1996	0108	12 14 25 29 32 36
27/10/1996	0107	01 10 12 18 20 32
20/10/1996	0106	03 08 17 19 28 31
13/10/1996	0105	07 08 13 19 20 28
06/10/1996	0104	01 06 23 31 33 36
29/09/1996	0103	09 10 11 13 35 36
22/09/1996	0102	01 11 13 15 16 17
15/09/1996	0101	06 11 18 32 33 36
08/09/1996	0100	05 06 07 23 24 36
01/09/1996	0099	10 12 15 16 17 27
25/08/1996	0098	01 09 14 19 28 30
18/08/1996	0097	01 04 10 12 13 27
11/08/1996	0096	02 08 10 22 24 35
04/08/1996	0095	10 15 18 22 23 26
28/07/1996	0094	02 17 20 26 28 33
21/07/1996	0093	01 17 21 22 23 29
14/07/1996	0092	07 13 16 17 20 28
07/07/1996	0091	05 08 09 21 25 32
30/06/1996	0090	03 04 06 14 15 34
23/06/1996	0089	02 03 11 22 25 31
16/06/1996	0088	02 05 16 18 21 27
09/06/1996	0087	20 21 25 28 29 33
02/06/1996	0086	01 03 24 31 32 35
26/05/1996	0085	01 02 13 22 24 30
19/05/1996	0084	13 18 32 33 34 35
12/05/1996	0083	08 11 13 28 32 34
05/05/1996	0082	01 12 19 23 33 34
28/04/1996	0081	03 05 09 15 24 25
21/04/1996	0080	03 05 24 25 30 31
14/04/1996	0079	07 09 13 17 22 30
07/04/1996	0078	04 07 13 17 25 26
31/03/1996	0077	07 08 12 17 29 32
24/03/1996	0076	01 05 14 16 30 33
17/03/1996	0075	21 22 23 28 33 35
10/03/1996	0074	06 23 24 26 27 29
03/03/1996	0073	10 14 16 20 26 34
25/02/1996	0072	04 14 18 20 29 36
18/02/1996	0071	05 06 17 21 30 35
11/02/1996	0070	01 02 30 31 33 36
04/02/1996	0069	02 05 10 22 23 25
28/01/1996	0068	07 12 17 18 32 36
21/01/1996	0067	02 05 07 27 32 36
14/01/1996	0066	12 14 20 25 28 36
07/01/1996	0065	05 08 24 29 30 34
31/12/1995	0064	02 11 18 28 31 34
24/12/1995	0063	08 16 17 25 32 36
17/12/1995	0062	05 13 24 25 27 31
10/12/1995	0061	01 11 12 14 16 18
03/12/1995	0060	13 14 15 26 27 32
26/11/1995	0059	05 06 14 22 25 31
19/11/1995	0058	02 07 10 16 24 30
12/11/1995	0057	04 08 11 25 30 31
05/11/1995	0056	04 11 17 18 31 33
29/10/1995	0055	03 07 13 24 32 34
22/10/1995	0054	04 11 12 20 22 27
15/10/1995	0053	06 10 12 15 17 36
08/10/1995	0052	06 11 13 22 34 36
01/10/1995	0051	14 25 33 11 19 07
24/09/1995	0050	05 07 08 10 16 18
17/09/1995	0049	10 13 17 21 23 32
10/09/1995	0048	11 19 20 21 24 36
03/09/1995	0047	02 03 11 25 28 35
27/08/1995	0046	04 07 14 16 24 31
20/08/1995	0045	03 08 11 14 17 20
13/08/1995	0044	03 11 13 20 23 27
06/08/1995	0043	01 02 05 14 32 36
30/07/1995	0042	03 04 06 10 16 29
23/07/1995	0041	14 18 21 25 29 30
16/07/1995	0040	03 04 08 16 32 34
09/07/1995	0039	03 05 08 09 14 15
02/07/1995	0038	02 03 06 07 16 27
25/06/1995	0037	01 04 06 15 16 18
18/06/1995	0036	09 11 18 26 30 35
11/06/1995	0035	01 05 13 14 20 25
04/06/1995	0034	01 04 07 14 18 21
28/05/1995	0033	07 11 19 20 26 27
21/05/1995	0032	10 23 29 31 33 35
14/05/1995	0031	03 10 17 20 26 28
07/05/1995	0030	08 10 20 23 24 27
30/04/1995	0029	04 06 07 10 18 23
23/04/1995	0028	10 18 21 22 23 24
16/04/1995	0027	01 03 19 27 30 35
09/04/1995	0026	16 18 24 25 29 31
02/04/1995	0025	02 04 07 23 27 36
26/03/1995	0024	08 14 24 28 32 33
19/03/1995	0023	03 04 19 28 31 32
12/03/1995	0022	04 06 11 17 34 36
05/03/1995	0021	08 13 14 24 33 36
26/02/1995	0020	03 15 16 17 21 27
19/02/1995	0019	02 12 14 29 30 33
12/02/1995	0018	06 09 11 18 25 31
05/02/1995	0017	12 13 16 24 25 35
29/01/1995	0016	08 15 21 28 34 35
22/01/1995	0015	06 10 13 16 29 33
15/01/1995	0014	02 22 30 32 33 36
08/01/1995	0013	08 10 22 24 30 34
01/01/1995	0012	02 08 10 11 24 34
25/12/1994	0011	03 18 23 24 26 32
18/12/1994	0010	04 05 07 15 21 32
11/12/1994	0009	08 15 23 32 34 36
04/12/1994	0008	08 15 16 26 30 33
27/11/1994	0007	07 09 10 15 16 30
20/11/1994	0006	07 12 16 19 20 21
13/11/1994	0005	04 10 13 14 18 24
06/11/1994	0004	07 11 12 19 29 31
30/10/1994	0003	12 13 16 18 31 32
23/10/1994	0002	10 14 18 20 24 34
16/10/1994	0001	32 17 36 30 13 10